0
0
0
0
0
0
0
0
0
0
0
0
0
0
0
0
1
1
0
0
0
0
1
0
0
1
0
0
0
0
0
0
0
0
0
0
0
0
0
0
0
4
0
0
0
0
0
0
1
0
0
0
0
0
5
0
1
0
0
0
3
0
0
0
0
0
0
0
0
1
0
0
0
0
0
0
0
5
0
0
5
0
4
0
0
0
0
0
0
0
0
0
0
0
6
0
0
5
2
0
0
0
7
0
6
7
0
0
6
4
0
0
0
7
0
0
0
0
0
0
0
1
0
0
3
6
0
0
0
0
0
0
4
1
6
0
1
0
0
0
0
0
0
0
0
0
3
0
6
7
0
0
0
0
0
0
0
0
3
6
0
0
1
0
0
0
0
6
0
0
0
0
0
0
0
0
0
0
0
0
0
0
0
0
0
0
0
0
0
0
0
0
0
0
12
0
6
0
0
0
0
1
0
0
0
8
0
0
0
0
0
0
0
0
0
0
0
12
0
3
0
0
0
0
8
0
0
0
0
0
7
0
0
1
3
0
12
0
0
0
0
0
0
0
0
0
0
0
0
0
0
0
0
1
0
0
0
0
1
10
0
0
0
9
7
0
2
0
16
10
0
0
11
0
1
0
3
0
0
0
0
0
0
0
0
0
16
0
0
0
0
0
8
13
0
0
0
0
0
0
0
0
1
0
1
0
4
0
0
0
0
0
0
6
0
0
0
16
0
14
12
16
0
0
0
14
14
1
0
0
0
0
0
0
0
14
0
0
0
0
0
0
14
0
0
0
0
0
2
0
0
0
0
0
0
1
0
0
0
26
0
0
0
15
0
0
2
22
1
0
0
0
0
0
0
0
0
0
11
0
1
0
0
0
0
0
0
2
0
14
17
0
14
0
0
0
0
0
0
0
0
0
0
0
0
0
15
13
0
22
0
16
0
0
0
0
22
0
0
0
0
0
0
0
0
0
19
0
0
3
18
0
0
0
0
15
0
1
0
0
0
9
15
16
12
0
16
0
0
0
9
32
0
0
0
0
0
23
0
0
1
0
0
0
0
3
0
2
0
0
17
0
0
0
0
19
0
0
1
0
0
2
0
0
19
0
0
0
0
0
0
0
27
18
0
21
1
18
0
2
0
25
0
27
0
0
18
0
18
0
20
0
0
0
0
0
1
0
0
22
1
1
0
0
0
0
0
0
0
13
18
0
2
0
0
0
0
0
0
0
19
19
0
2
0
15
19
15
0
0
0
22
0
20
0
0
0
14
0
0
0
0
0
0
0
0
0
22
0
0
0
19
0
0
19
0
0
15
0
23
0
0
0
0
0
0
15
0
0
0
1
0
2
0
0
0
0
0
0
0
0
25
0
0
29
0
0
0
1
0
28
28
0
31
0
0
0
0
0
0
0
0
0
0
0
1
2
0
0
19
0
22
22
0
0
0
0
0
0
1
0
2
0
0
0
0
1
0
0
21
24
1
0
29
0
0
0
21
0
0
0
0
27
0
26
0
0
0
1
0
0
22
0
0
0
2
0
0
29
23
0
27
0
23
0
0
1
21
0
34
0
1
0
0
0
2
0
0
0
0
0
28
0
0
0
0
32
0
0
0
22
0
1
0
28
0
2
0
30
0
0
28
0
25
0
1
33
0
0
0
27
0
0
0
0
0
0
1
34
0
0
32
26
0
0
0
2
1
26
0
28
0
0
0
0
28
0
0
0
0
0
0
0
0
0
0
0
0
0
1
0
1
0
0
0
31
0
26
0
0
35
21
0
0
39
0
0
0
0
0
0
0
0
0
0
0
30
0
0
0
30
0
0
0
35
1
30
0
0
30
0
0
29
0
2
0
0
1
0
0
29
0
3
0
0
0
24
0
2
0
0
28
0
0
0
2
0
1
24
0
0
0
0
0
0
0
0
0
0
0
0
32
0
32
0
0
0
40
0
0
0
32
39
2
4
40
51
29
0
2
38
0
31
0
2
0
0
1
0
0
0
1
2
0
0
1
0
0
24
0
0
0
0
31
0
1
2
2
0
51
0
0
2
31
0
0
1
0
1
2
38
0
44
0
24
2
0
0
0
0
0
2
36
0
24
32
0
39
0
34
0
36
31
0
0
0
40
0
0
0
0
0
1
2
0
0
37
0
0
0
0
31
0
0
26
0
1
2
0
1
0
32
41
41
37
0
0
32
0
0
2
0
0
0
32
0
0
0
21
0
57
0
1
2
0
41
2
0
35
1
0
57
0
0
0
36
0
47
0
0
43
0
0
0
33
0
33
2
0
34
0
0
0
36
45
0
0
57
0
43
0
3
0
0
0
0
0
0
43
0
0
0
36
0
0
1
0
0
43
0
50
0
2
0
0
0
0
0
42
0
1
1
0
50
0
0
0
0
0
38
42
2
0
0
0
0
0
0
0
0
3
34
0
0
0
0
0
0
2
1
3
40
0
48
1
2
0
0
0
0
38
0
0
0
0
3
37
0
0
0
39
60
0
45
0
0
0
0
0
0
0
0
0
2
6
5
1
0
0
0
0
0
60
0
0
0
0
0
0
0
0
2
0
0
0
48
0
0
0
0
0
0
61
0
1
3
5
0
0
52
1
0
0
0
0
0
5
0
2
0
50
0
37
0
0
3
0
0
40
51
0
1
3
0
0
0
0
52
43
0
63
0
41
0
56
0
0
0
3
41
0
0
0
50
0
0
0
53
0
54
0
1
0
2
57
42
0
41
0
1
0
0
56
0
54
53
0
0
0
0
5
0
0
3
0
0
43
0
0
0
2
55
0
0
43
0
0
1
0
0
0
2
54
0
0
0
0
59
1
0
0
6
0
0
2
0
59
0
0
0
0
0
0
1
0
0
3
0
0
0
0
0
48
1
2
0
47
2
0
4
2
0
0
0
0
0
0
47
0
1
0
2
3
0
0
0
0
0
0
0
0
59
0
0
43
0
44
1
0
0
0
0
0
0
0
0
0
0
1
0
0
1
0
55
0
0
42
55
0
3
0
66
0
0
0
0
49
0
0
0
0
1
0
3
44
0
0
0
53
0
0
0
0
3
0
66
0
0
0
58
0
0
0
6
49
0
1
0
0
0
2
0
0
5
2
56
0
0
39
0
0
1
64
53
4
0
0
0
0
0
3
0
57
65
54
0
2
0
0
49
1
46
3
0
60
54
1
0
65
3
0
0
49
0
69
53
0
0
49
0
0
64
0
51
41
57
5
0
2
0
0
0
0
0
0
1
0
65
0
0
0
0
0
0
58
0
53
0
0
0
1
0
1
0
0
54
0
0
0
0
51
0
5
34
0
2
0
1
0
1
0
0
0
1
0
2
2
42
0
0
64
0
59
56
0
49
0
0
1
0
0
3
0
0
0
53
5
0
0
2
0
3
53
0
69
0
2
2
0
5
0
0
0
0
0
60
0
0
0
64
56
0
0
0
60
3
0
0
0
61
71
75
0
0
0
0
1
0
69
3
49
59
5
0
65
0
0
0
0
0
3
0
70
0
1
0
0
3
0
0
3
0
54
0
0
0
0
0
0
0
0
0
0
0
68
0
0
0
60
0
3
5
0
4
56
0
0
2
0
62
0
66
0
1
2
0
0
49
3
0
3
0
0
0
0
0
1
53
0
57
1
0
0
0
0
0
0
0
65
0
62
3
53
3
61
0
0
0
0
0
0
0
1
57
0
2
4
0
0
0
0
0
56
0
0
2
0
0
0
0
0
0
0
68
0
71
0
1
1
0
0
55
81
0
4
1
0
0
1
0
0
0
0
68
2
0
0
76
68
4
0
0
1
3
0
0
57
0
0
0
0
0
3
0
0
0
70
0
0
0
0
1
0
3
2
0
0
0
0
0
1
0
0
3
2
2
63
71
1
66
0
71
74
4
5
0
0
0
2
4
0
57
79
4
1
1
0
4
1
73
0
4
60
0
77
5
0
0
0
0
4
65
0
0
5
3
1
0
0
85
0
0
0
63
75
1
4
55
0
0
2
55
0
0
71
0
0
0
74
0
0
2
0
69
0
0
0
0
74
0
0
0
7
0
0
0
0
0
0
0
76
0
2
0
56
0
72
0
66
3
2
3
1
0
0
0
0
0
3
79
0
0
47
0
3
1
66
74
0
2
7
0
0
5
0
0
0
0
71
2
0
1
0
0
0
0
0
0
92
2
76
0
84
0
0
0
3
76
5
4
50
2
0
64
59
0
0
0
0
1
0
0
2
0
0
3
74
0
4
0
93
0
0
71
1
0
0
3
84
1
7
3
0
3
0
65
0
0
2
0
0
65
74
2
58
0
0
80
0
1
0
4
0
0
4
0
2
8
73
0
0
3
0
71
79
0
86
2
79
0
0
0
0
0
78
0
0
1
0
3
0
0
0
2
0
79
80
75
0
0
0
76
81
0
97
0
0
0
0
80
5
0
0
0
0
0
0
0
0
0
0
3
0
2
0
0
0
1
0
0
75
0
62
2
82
0
0
4
0
0
0
3
0
0
0
0
5
5
0
0
80
0
0
84
89
0
0
3
0
2
0
82
4
0
75
0
75
0
1
0
0
0
75
0
89
0
2
0
3
0
0
0
0
7
0
0
85
0
0
0
2
0
0
64
0
0
0
0
90
80
0
0
79
0
4
72
79
4
72
0
0
0
0
81
2
0
3
0
0
0
89
2
1
4
0
3
0
1
2
0
2
0
1
1
0
0
0
0
0
0
0
0
75
0
79
4
0
0
0
0
2
4
3
1
0
1
3
0
3
0
0
0
84
0
0
1
84
0
66
66
82
2
79
0
79
0
0
84
0
80
89
0
84
82
0
0
0
0
3
0
0
3
0
3
0
0
0
0
63
0
0
94
0
0
0
1
83
0
74
0
90
3
0
0
0
0
0
74
3
79
0
0
0
84
0
4
79
0
85
0
2
0
0
0
0
0
0
0
0
1
5
0
0
0
1
4
2
1
0
96
72
0
0
0
98
4
0
95
0
0
92
0
0
0
0
92
0
0
0
0
0
0
0
85
81
0
0
0
0
0
0
0
0
0
0
0
0
66
5
0
79
1
96
0
0
3
0
93
0
0
2
0
0
1
7
3
73
0
0
0
0
5
0
0
0
84
5
5
6
0
3
80
1
3
1
96
83
0
78
3
0
0
84
0
0
0
96
0
94
0
87
0
0
0
2
0
0
87
69
2
74
0
0
0
1
0
0
0
0
0
2
0
0
1
95
0
0
95
0
2
0
0
0
0
3
4
1
0
102
1
5
0
98
100
3
0
0
0
2
102
0
6
2
0
0
1
0
1
1
0
0
1
76
0
0
0
2
0
1
0
87
0
0
0
0
0
0
4
109
2
0
6
86
5
0
5
1
89
0
99
107
0
0
1
0
84
111
0
3
3
1
0
2
0
3
0
0
88
1
0
0
0
4
0
0
0
0
0
0
0
78
71
0
0
88
0
78
0
1
5
98
0
0
0
0
72
0
0
0
91
0
0
0
1
0
7
0
0
0
0
10
0
1
0
0
99
0
0
3
0
0
0
0
0
4
0
0
0
0
0
5
104
3
0
2
101
0
0
0
3
1
0
1
0
0
99
0
3
103
0
0
0
0
80
0
0
104
0
3
2
3
0
0
0
0
0
4
0
0
91
0
0
77
5
4
0
5
0
0
1
0
90
0
77
0
0
0
5
7
77
7
0
0
0
2
104
0
0
89
108
4
104
0
4
93
0
0
6
0
0
0
0
100
101
0
0
0
0
0
0
0
0
1
0
1
107
0
107
0
107
105
0
1
7
0
78
0
0
0
0
0
0
0
0
0
0
0
0
105
4
0
3
4
0
0
0
4
2
8
0
0
93
0
0
0
0
0
1
0
107
84
2
0
0
0
109
0
0
0
108
112
5
108
110
83
0
0
0
4
94
0
3
0
110
0
85
0
95
0
0
0
106
0
0
4
0
0
98
2
3
0
0
121
2
0
0
114
5
0
3
0
96
100
0
99
0
107
0
0
4
94
0
0
84
0
0
1
1
0
0
0
83
4
0
0
0
95
111
0
100
0
0
111
0
0
114
5
0
0
3
0
0
0
0
96
0
4
115
0
0
0
98
0
0
0
3
115
3
110
107
0
0
0
0
0
100
0
106
0
0
0
7
0
0
0
116
0
106
4
116
1
0
3
97
0
0
0
6
0
0
0
5
0
2
3
3
0
103
104
0
115
0
0
0
3
0
0
0
0
0
109
104
6
110
2
98
1
0
100
0
0
101
0
4
0
0
0
0
0
88
0
117
0
0
6
0
0
110
0
0
118
110
0
5
110
1
89
0
0
99
120
0
1
0
0
0
0
0
0
0
4
111
0
0
0
0
0
0
0
0
0
0
0
1
8
0
0
0
101
0
3
0
0
0
0
3
93
3
0
0
0
7
113
0
5
0
0
121
0
121
4
6
0
0
0
0
91
113
112
121
0
3
0
0
0
123
0
83
103
3
123
0
0
0
92
4
2
0
127
117
119
0
3
3
0
0
92
0
0
0
0
0
0
0
2
5
0
0
0
113
0
6
0
0
123
0
0
7
0
126
0
0
0
0
0
0
0
6
124
6
0
114
111
0
0
115
5
1
0
125
0
1
115
0
0
0
0
0
0
0
0
0
0
0
1
0
1
6
0
0
5
118
0
4
0
123
0
0
2
0
0
1
106
0
1
0
6
3
0
86
4
0
0
0
0
0
0
114
0
0
0
0
0
0
1
0
105
97
3
0
0
95
3
0
1
3
0
3
4
0
0
0
0
125
0
108
0
6
0
0
0
7
0
0
0
124
2
0
0
0
123
0
1
0
0
0
0
0
0
1
1
100
0
6
0
0
1
0
0
0
0
0
0
0
0
125
0
7
0
116
97
114
3
0
0
0
0
0
4
5
3
0
0
2
111
0
0
0
0
0
0
0
0
126
102
5
3
3
4
0
4
0
102
0
0
0
0
0
0
127
0
0
0
0
0
0
0
0
0
7
3
0
0
0
118
0
117
0
5
6
0
4
0
114
88
3
3
0
0
0
0
0
0
126
0
0
0
0
5
5
130
131
0
0
0
106
0
0
0
0
130
122
130
0
133
0
7
130
0
111
0
0
0
89
0
4
0
13
8
132
1
1
126
0
0
0
0
0
0
0
130
0
133
0
133
0
1
111
0
2
0
118
0
101
130
123
0
91
107
0
116
0
133
0
10
4
0
0
0
0
0
0
0
0
0
0
116
131
5
0
0
0
6
0
133
0
0
0
120
3
0
6
10
126
0
0
0
0
117
122
0
0
0
0
0
0
0
5
139
139
0
5
0
0
131
0
132
7
132
0
124
0
0
5
0
11
9
135
108
0
0
108
6
0
0
0
1
0
0
0
120
8
0
0
0
113
134
3
0
0
116
4
0
0
0
0
2
0
1
0
0
0
8
2
0
0
0
140
0
122
2
0
0
0
4
5
0
6
3
0
0
0
0
148
0
0
0
0
5
130
0
0
5
0
1
123
0
3
136
0
0
0
133
0
142
0
142
130
0
136
129
151
0
0
0
0
111
136
0
0
0
0
0
117
0
0
0
0
7
2
0
126
143
0
0
108
0
143
0
120
0
0
1
0
0
4
0
0
0
120
0
125
0
145
3
1
0
0
0
9
0
2
126
0
0
0
3
142
0
0
1
3
139
0
2
126
5
7
142
0
0
0
3
4
0
0
103
141
4
0
0
0
1
120
0
6
0
0
0
124
0
0
4
6
6
1
0
3
0
1
0
0
0
5
126
6
0
0
0
2
133
142
0
0
0
3
4
128
140
0
0
0
4
0
0
153
1
0
0
0
0
0
4
142
0
0
126
0
3
7
1
0
111
6
0
0
0
7
126
0
0
6
0
0
143
143
6
2
3
133
0
129
0
0
0
0
151
0
3
139
4
6
144
0
1
0
6
1
135
9
5
3
0
0
6
137
0
0
8
0
6
0
0
0
143
0
0
1
8
145
0
0
0
140
3
0
0
0
0
0
127
133
0
0
0
0
0
1
0
127
140
0
108
0
5
0
0
6
144
140
0
134
142
148
0
6
150
1
0
0
0
0
0
150
0
0
131
0
147
0
148
131
0
0
0
0
0
10
8
0
148
0
5
7
0
0
9
0
0
0
0
0
0
6
4
2
0
10
154
0
6
0
6
0
9
0
5
0
9
0
0
0
0
0
3
0
0
0
4
6
0
0
1
3
0
0
2
1
145
0
137
7
0
0
0
0
154
0
5
128
132
0
0
0
0
0
2
0
159
4
0
0
6
0
1
0
5
1
147
8
0
5
0
0
0
8
0
5
0
8
0
0
0
0
0
159
5
148
0
140
136
0
0
0
153
0
0
122
0
0
1
1
148
0
0
3
148
148
150
0
1
0
5
0
0
0
149
148
0
1
0
0
0
1
0
132
0
0
0
0
150
1
0
0
1
0
0
3
151
0
162
3
162
0
139
7
0
0
0
158
158
0
0
0
155
0
0
0
0
0
1
5
1
0
0
0
0
5
133
0
139
0
149
0
0
1
4
7
0
158
137
0
147
0
0
0
0
1
0
0
0
154
0
0
0
2
0
0
2
3
153
0
0
161
0
0
5
10
157
0
0
138
6
4
152
3
128
0
167
161
148
0
1
5
5
0
7
0
146
0
0
0
0
0
0
128
0
0
0
2
157
153
0
0
0
157
158
0
0
0
0
0
160
0
6
4
0
0
4
0
0
158
6
0
0
122
155
161
163
0
0
0
0
4
151
0
0
163
0
7
0
0
5
0
0
6
155
0
8
164
0
0
0
0
0
1
0
0
0
0
158
0
163
0
0
4
0
5
0
0
0
0
6
0
1
0
6
0
3
0
0
2
0
5
0
3
0
0
0
0
154
0
0
0
0
150
1
0
5
0
3
0
0
0
0
130
0
0
156
0
3
0
0
3
11
165
0
6
133
8
0
141
0
4
0
0
7
155
131
0
0
0
0
0
133
0
167
0
0
0
0
0
6
0
0
0
3
0
0
0
0
0
2
141
0
1
0
0
134
1
156
0
9
0
0
0
0
0
0
0
0
0
0
162
10
0
0
7
0
162
162
0
157
4
146
0
6
133
157
1
158
0
144
0
0
0
0
0
1
10
0
0
159
159
0
148
0
5
0
0
167
5
0
2
0
0
0
0
0
0
0
0
4
0
3
0
0
10
0
176
0
0
4
0
183
0
0
0
5
7
9
0
0
0
0
0
8
0
5
0
0
129
0
153
8
0
0
6
0
6
12
167
0
1
5
0
154
0
146
0
8
7
0
7
0
148
0
0
0
163
0
7
0
3
0
10
0
5
4
5
1
167
0
0
0
0
0
0
0
0
164
10
2
5
0
0
0
164
4
0
0
148
143
0
182
0
151
6
0
1
159
1
0
0
5
0
159
0
0
0
0
0
143
152
1
0
6
0
0
0
168
4
0
7
0
0
0
0
0
9
0
0
0
9
0
0
0
7
156
0
0
0
5
0
10
0
4
0
3
155
0
10
0
170
143
0
147
0
183
0
168
7
0
0
0
0
0
0
4
0
0
7
8
4
171
162
0
10
0
0
157
0
170
0
0
8
0
5
0
0
7
0
0
7
0
0
0
2
0
6
169
0
7
159
168
0
9
0
5
0
0
0
4
170
7
0
0
0
0
0
172
0
168
0
0
0
0
7
8
0
0
160
0
1
0
0
0
174
0
5
0
154
0
4
0
0
0
0
0
7
156
1
0
0
0
0
0
0
0
9
0
5
0
6
156
0
0
0
0
0
0
0
0
184
0
0
0
0
0
0
7
6
0
0
151
4
4
0
0
0
2
0
10
7
5
0
7
0
0
0
1
0
0
6
0
0
7
0
0
0
8
151
9
4
0
1
179
174
0
170
8
0
4
0
9
6
8
200
11
1
146
0
6
0
0
1
165
4
173
7
0
0
0
1
9
177
178
0
177
0
0
6
151
0
12
0
0
7
0
0
0
0
6
174
6
0
174
0
0
0
0
176
160
0
0
176
0
13
173
0
0
0
0
0
0
10
1
0
164
3
0
1
6
0
6
0
0
0
0
178
3
9
1
0
0
6
0
173
0
0
0
181
0
147
0
0
11
0
1
0
0
182
0
11
0
7
0
0
180
0
0
0
6
5
10
0
0
0
0
5
0
0
10
166
0
6
0
0
146
3
11
10
0
0
0
169
5
176
3
0
0
0
3
181
0
0
154
1
0
0
0
0
0
0
184
0
0
1
0
167
0
0
0
183
0
146
177
0
184
0
1
0
0
5
0
9
8
0
2
183
0
6
190
0
0
7
0
168
6
1
0
0
8
0
0
0
0
0
0
184
0
0
191
0
0
0
8
0
7
0
0
0
0
186
0
2
0
185
0
169
0
11
0
0
0
0
155
0
9
0
0
155
0
0
5
6
0
0
186
169
0
0
8
5
4
1
181
0
0
0
0
0
182
170
159
10
1
0
175
3
0
4
11
0
0
0
0
0
0
6
10
0
181
0
0
173
6
185
1
0
0
0
0
0
7
0
6
0
0
0
160
0
9
0
0
0
184
0
0
184
0
0
0
8
0
0
0
12
0
0
0
0
174
179
1
0
0
0
0
0
0
177
0
0
173
5
0
179
188
0
0
0
184
0
0
192
0
169
0
0
192
0
8
0
0
8
178
9
1
0
0
0
0
194
9
189
0
0
6
0
0
191
0
0
0
194
174
9
0
1
8
0
0
172
164
0
194
0
178
0
10
1
214
0
0
164
191
0
0
0
0
191
0
0
0
9
0
0
8
0
0
0
12
1
0
0
9
194
172
0
189
0
0
0
0
12
0
173
5
8
5
0
0
160
0
1
185
0
174
0
0
0
0
180
0
2
196
0
212
0
8
1
0
169
0
0
0
10
0
0
0
180
1
7
13
0
175
0
0
182
0
191
0
195
0
9
0
0
6
182
0
161
0
182
0
0
191
195
0
1
0
0
0
0
0
8
12
169
0
0
0
6
7
0
0
0
8
0
0
0
183
0
0
8
0
190
1
182
0
11
0
0
2
0
0
192
0
1
0
186
9
0
0
0
0
10
13
177
0
0
6
8
178
184
4
198
0
0
0
0
197
0
0
0
186
182
197
1
3
1
185
5
1
0
0
202
198
0
0
0
0
0
0
0
8
0
0
0
0
0
194
0
198
201
8
0
8
1
0
0
0
7
200
10
0
0
0
0
218
0
0
0
0
3
0
0
0
0
0
2
7
0
1
10
0
2
7
0
0
10
0
9
174
0
0
0
0
8
0
0
189
0
0
0
197
0
8
15
0
1
6
0
2
183
172
188
188
179
0
0
190
1
195
0
0
188
204
0
0
0
0
185
175
0
0
0
0
204
0
175
0
0
0
0
0
0
6
188
0
0
184
0
201
0
5
0
6
201
0
202
0
0
0
0
1
179
1
0
178
0
0
0
6
0
0
1
0
0
0
4
6
0
0
0
10
174
0
180
199
0
0
203
8
1
0
0
0
0
0
6
207
0
0
0
208
223
0
0
11
182
0
8
0
0
8
0
6
7
1
8
2
10
0
4
0
0
1
0
0
175
0
0
12
226
0
0
0
1
0
226
8
196
0
10
0
0
0
0
0
0
0
232
0
0
181
0
0
0
0
0
0
189
9
10
0
201
0
0
189
0
2
11
0
199
204
207
1
0
0
0
0
12
0
5
0
0
0
204
5
0
0
0
0
0
192
211
3
1
0
10
8
0
7
8
8
5
0
0
0
0
1
0
0
0
176
0
0
1
10
0
0
2
0
0
7
216
208
0
0
3
193
0
9
208
0
10
0
0
0
9
0
0
0
0
13
0
193
7
6
0
0
0
0
0
0
0
0
8
0
0
0
1
0
0
232
206
0
0
232
0
233
5
10
0
0
0
0
0
209
0
0
0
0
0
0
0
0
0
11
0
194
0
198
2
194
0
0
0
0
0
0
0
0
0
217
0
0
6
0
12
10
0
6
0
0
0
0
0
0
1
0
0
209
0
234
0
0
10
0
0
1
7
0
0
0
0
0
214
0
0
0
210
0
0
0
0
3
0
198
0
0
0
0
212
212
0
0
222
0
2
182
1
0
0
0
9
0
0
0
205
192
0
0
13
0
0
0
9
0
0
0
9
0
237
0
237
0
0
2
8
0
237
216
0
0
0
0
210
1
0
0
0
0
191
0
211
7
10
214
0
0
5
11
238
10
0
15
9
0
0
8
7
0
0
1
0
0
0
0
0
0
0
0
1
0
228
1
201
210
10
5
0
0
0
0
0
0
0
0
215
0
0
0
200
2
0
229
0
7
4
0
0
218
0
0
0
218
0
0
1
7
211
0
0
0
219
0
10
1
7
239
0
0
198
212
0
11
0
9
189
1
202
206
223
0
207
1
197
197
244
220
0
0
0
0
0
0
1
0
0
0
0
0
0
0
0
0
230
0
224
220
0
0
190
5
0
6
213
0
8
9
4
1
232
2
0
11
210
7
1
1
0
197
0
203
209
8
6
0
0
0
0
0
2
0
0
0
220
204
0
203
0
0
7
0
0
0
0
1
0
0
0
1
9
0
0
201
0
0
0
221
243
0
0
200
13
0
205
0
3
1
0
12
0
0
204
0
0
0
0
0
0
0
202
3
11
0
10
8
0
0
236
8
9
0
0
0
0
0
219
0
0
2
0
209
5
1
13
0
0
247
0
0
0
0
0
8
0
1
0
0
212
0
0
6
0
203
0
0
203
0
0
1
13
0
0
205
9
10
0
0
0
0
0
0
207
8
240
10
0
0
206
0
13
0
9
0
0
0
0
6
0
9
0
0
8
0
1
15
0
225
0
0
17
0
0
12
212
225
13
0
0
213
0
0
205
11
0
0
216
10
218
10
0
8
0
0
232
0
0
242
0
226
0
0
0
0
213
0
232
0
0
8
1
0
0
1
9
0
0
0
5
0
0
0
1
0
0
218
0
0
206
214
226
0
216
0
0
0
0
225
1
0
8
0
0
0
1
8
0
14
217
224
0
216
0
225
0
208
0
233
0
0
0
219
0
0
0
4
9
13
0
0
0
1
227
3
12
216
0
0
0
216
0
1
0
232
6
215
0
225
0
0
0
5
234
0
0
227
0
220
9
0
0
0
6
0
0
0
0
0
0
9
1
0
0
8
212
234
1
1
6
1
0
227
0
0
0
5
212
0
0
234
0
10
0
8
1
213
212
0
0
0
0
0
9
234
236
7
0
1
6
219
5
1
0
0
0
0
0
0
0
1
0
7
0
0
231
0
8
1
4
0
0
0
0
0
234
1
0
0
219
0
12
0
0
220
7
7
0
4
231
0
0
8
250
0
1
15
10
0
5
216
230
215
0
0
0
0
210
0
0
232
221
253
215
0
0
0
211
0
0
0
11
215
221
224
0
208
3
0
0
0
1
0
0
240
215
222
9
0
0
1
11
13
0
0
235
259
6
0
0
0
0
0
0
11
234
0
11
0
0
0
0
0
6
0
242
7
1
240
0
13
0
6
0
0
0
0
11
0
1
0
0
16
235
0
0
1
1
217
8
214
0
0
0
234
0
0
1
221
221
221
0
219
6
0
15
259
0
238
259
0
0
0
240
0
2
0
233
259
241
0
0
0
10
0
0
9
0
9
0
1
235
6
220
1
11
238
0
0
0
0
10
0
0
8
0
0
0
1
0
9
0
1
0
0
0
0
224
0
7
0
245
0
0
0
9
0
6
0
262
0
0
219
0
0
1
0
0
0
17
7
210
229
9
0
10
5
5
235
237
224
220
232
0
0
0
253
0
1
0
0
0
0
1
0
235
235
0
0
13
0
14
0
0
0
0
225
1
235
244
13
6
6
0
0
11
0
10
0
240
0
12
0
0
0
0
0
0
0
1
247
0
4
7
0
0
0
222
229
11
0
0
0
0
7
0
9
0
2
9
0
0
6
0
212
0
0
15
0
0
0
248
6
0
10
0
7
7
0
0
13
264
0
263
8
0
0
0
0
7
9
250
7
0
0
0
0
248
14
10
0
0
212
0
0
7
241
0
6
245
10
0
1
0
258
8
0
0
0
5
0
11
7
231
225
1
0
0
2
0
13
6
0
0
271
2
5
7
0
0
0
0
0
225
0
232
5
243
0
0
228
0
7
1
0
10
0
8
0
226
2
5
0
0
0
0
0
0
6
233
0
0
0
0
249
6
0
0
0
0
0
0
0
6
0
1
1
0
1
238
14
12
6
0
0
0
8
0
6
0
0
8
0
232
233
9
11
12
0
1
0
0
250
0
9
0
239
6
226
6
0
0
0
274
232
245
10
251
251
226
1
12
0
0
0
0
0
252
0
226
0
1
252
9
0
1
10
10
0
0
0
6
0
0
250
1
0
9
0
0
1
0
0
8
0
0
252
9
232
252
10
227
0
0
0
252
0
10
0
0
5
1
0
0
1
11
0
3
6
0
8
252
1
5
236
1
0
9
0
0
254
0
0
0
9
10
0
0
0
0
256
8
1
0
0
253
233
0
0
0
238
0
233
0
238
220
0
0
237
0
0
0
5
11
9
1
10
0
1
0
0
9
8
0
237
7
0
0
0
0
13
233
2
0
0
0
0
0
248
0
0
5
0
0
8
0
6
240
0
0
0
15
272
0
0
10
6
263
276
0
0
0
275
236
0
256
0
0
0
0
0
0
0
10
9
0
0
0
263
2
0
0
0
7
242
248
5
9
11
12
0
0
12
0
0
0
0
259
0
0
0
11
0
0
10
0
12
0
237
242
256
11
240
0
2
6
0
0
0
11
14
0
0
0
0
0
256
13
6
0
0
243
7
263
0
0
16
0
0
8
243
0
0
8
7
260
0
0
0
259
0
0
10
0
237
0
243
0
0
275
0
280
13
242
0
224
0
0
253
253
1
1
6
1
0
8
0
9
7
282
244
0
244
10
262
0
0
0
8
0
0
0
14
253
0
0
0
0
0
0
0
9
250
13
248
0
0
0
13
0
243
240
0
0
242
240
9
10
16
0
247
9
0
0
0
0
0
11
5
251
0
0
2
1
0
1
0
259
0
0
0
0
0
0
0
279
4
15
0
0
0
0
0
0
0
0
11
8
0
0
0
8
0
0
12
252
0
0
268
0
0
0
0
0
0
1
12
0
0
1
16
0
0
0
0
0
0
0
0
0
6
5
9
254
259
0
1
0
0
12
5
0
0
0
16
0
0
0
5
0
0
0
1
267
247
0
9
243
11
0
0
11
2
0
0
0
0
0
0
288
1
267
0
289
0
263
0
0
0
0
10
0
0
0
0
271
0
0
0
247
0
0
230
0
0
0
12
10
0
0
0
0
0
12
11
0
267
0
9
0
9
0
8
0
1
0
0
0
0
13
1
0
254
0
0
0
268
266
0
0
0
0
0
1
0
0
1
254
0
13
13
10
0
250
0
0
0
2
11
12
264
0
9
267
2
16
0
0
0
0
0
256
0
1
0
0
271
0
0
0
7
0
9
0
0
253
0
0
0
252
0
0
9
0
0
0
233
1
257
8
284
0
1
0
0
16
0
10
0
0
0
249
0
0
0
294
0
0
0
0
253
14
268
0
10
5
0
0
0
0
7
16
0
268
268
0
0
255
0
0
0
260
1
7
0
0
0
0
0
0
0
0
0
0
0
0
6
13
254
0
0
0
9
0
13
0
273
4
6
0
258
0
0
0
0
0
250
0
0
1
0
0
10
0
11
0
0
0
0
1
271
301
0
0
278
0
0
260
0
0
289
0
259
2
0
0
238
13
0
0
2
0
0
260
0
0
0
11
259
0
0
10
241
257
0
8
0
0
13
0
7
265
15
0
0
265
265
304
0
0
260
8
10
265
275
0
0
0
0
17
292
0
0
0
0
1
275
8
0
11
11
1
0
258
1
0
1
0
0
0
276
15
9
0
0
0
0
13
1
303
0
0
17
0
0
8
0
0
13
0
0
2
0
0
0
2
1
262
272
0
10
260
0
0
304
0
0
1
242
242
266
0
0
10
300
1
0
0
1
0
1
0
0
0
262
0
12
0
0
0
0
5
0
15
0
0
0
0
0
281
0
2
263
2
12
0
0
0
1
17
275
0
0
11
0
1
300
261
264
12
0
0
0
275
5
0
279
1
10
284
8
10
1
277
0
0
0
13
0
0
0
1
0
0
20
2
20
0
11
0
0
0
0
0
0
0
0
0
0
0
0
12
0
7
7
11
0
0
7
6
13
0
0
282
293
0
11
257
0
273
0
2
0
0
0
0
275
273
0
0
309
7
1
0
0
273
10
12
273
273
0
0
15
0
16
290
0
263
0
0
0
0
0
0
263
6
250
304
7
1
0
0
0
2
0
279
12
0
0
1
0
0
15
0
1
12
0
304
0
276
0
0
0
0
1
12
0
276
0
7
0
0
1
285
1
2
14
0
285
0
14
1
288
0
10
0
0
0
3
0
0
1
8
270
285
0
283
13
285
0
7
0
0
0
1
0
7
0
8
0
0
281
277
1
0
0
9
0
0
262
7
0
13
0
0
0
284
0
0
1
0
1
0
0
1
0
0
0
0
0
10
0
14
0
0
0
0
280
280
7
0
280
0
0
295
0
0
0
285
0
0
0
0
0
0
12
255
288
0
0
271
15
0
0
0
6
8
271
14
0
0
10
0
0
0
288
0
0
0
2
0
16
0
0
0
282
0
0
0
0
0
0
281
10
321
0
15
267
1
0
11
0
0
9
0
0
0
0
1
286
1
0
292
13
16
0
10
0
271
0
14
278
0
0
12
0
0
1
0
0
0
0
1
0
278
0
0
317
0
0
0
16
285
0
6
288
0
13
0
0
10
1
0
0
0
9
0
0
0
0
0
15
286
0
285
0
0
0
0
10
289
0
0
0
12
1
9
0
0
285
0
0
0
283
0
0
16
293
1
0
0
0
0
296
0
0
0
1
13
0
0
15
8
18
16
10
293
300
0
293
0
0
0
8
14
282
0
0
0
287
0
0
274
280
0
0
0
15
0
12
0
11
13
0
268
0
1
0
0
14
0
0
0
0
0
285
0
290
10
1
294
0
0
0
290
0
301
0
0
11
11
12
0
11
8
0
271
287
0
0
0
10
13
0
0
9
0
279
0
0
297
0
9
292
0
16
0
304
9
0
16
0
0
0
2
0
323
0
271
0
0
0
2
0
13
9
0
297
11
0
0
0
317
0
10
10
0
11
300
0
0
0
0
1
0
0
9
14
0
0
0
0
0
0
9
0
0
0
0
10
0
0
0
317
0
0
0
295
11
0
0
297
3
0
2
13
0
0
10
0
329
0
301
11
0
0
0
275
9
0
0
289
0
0
0
289
306
2
0
0
0
0
0
288
0
1
0
7
14
284
298
0
0
0
290
0
286
0
0
0
11
0
290
0
2
0
8
0
0
7
2
0
290
296
1
1
0
11
17
278
290
0
0
0
0
0
0
0
0
0
0
302
13
1
13
0
14
0
310
0
0
308
17
10
0
0
298
0
0
12
0
16
0
0
1
303
0
0
311
0
311
0
0
14
329
17
0
14
305
0
0
11
12
9
1
2
329
12
0
323
0
1
0
302
0
0
13
0
0
14
2
292
0
298
13
298
0
299
0
1
307
0
309
1
10
329
0
10
290
282
292
304
0
290
0
0
0
0
0
13
9
0
0
0
0
9
0
8
0
10
0
0
327
11
0
1
290
0
0
16
295
0
8
305
0
0
0
313
0
284
314
0
295
1
0
0
0
0
12
0
293
7
7
0
0
14
10
15
0
305
0
0
6
10
0
0
12
291
8
0
0
0
285
314
1
0
308
1
0
12
0
0
0
0
10
1
284
0
304
13
0
0
0
0
0
2
0
0
292
308
0
0
0
0
315
0
0
0
0
0
2
297
312
0
0
0
0
10
298
0
9
0
332
312
0
3
0
285
0
0
312
0
0
296
2
304
0
0
296
0
0
311
296
0
1
318
297
0
16
0
313
0
0
293
312
319
0
0
14
0
0
7
0
0
10
0
0
293
0
302
0
13
310
15
0
1
290
0
0
18
311
0
0
302
0
0
10
0
0
0
0
318
318
298
14
17
9
0
8
0
0
0
1
11
309
0
0
0
0
12
304
0
0
14
14
15
0
0
0
0
0
17
0
0
300
0
0
0
0
0
316
7
15
0
296
0
0
301
0
0
0
1
0
0
1
14
11
0
0
0
300
0
15
312
0
14
0
12
324
0
0
0
0
0
0
1
324
11
0
11
0
302
0
308
308
316
323
0
0
342
8
18
2
0
0
0
0
0
305
311
0
1
9
318
0
325
0
1
0
0
0
14
0
0
17
321
10
0
307
10
0
298
0
2
0
0
13
0
0
301
0
0
14
9
314
0
318
291
20
0
1
0
0
0
0
0
1
314
309
0
0
0
0
5
0
0
1
315
8
0
0
0
298
1
0
0
0
0
0
0
0
16
0
347
0
0
348
0
344
300
11
0
13
0
0
0
0
0
0
0
1
0
0
296
16
0
0
0
13
0
0
0
0
336
0
0
1
0
307
0
19
0
0
0
10
0
12
0
0
0
1
306
2
1
1
9
8
0
296
0
0
0
0
1
0
0
0
0
0
321
0
0
12
1
0
0
0
0
0
323
320
12
299
0
0
1
0
12
9
12
321
5
11
0
0
0
0
0
1
0
0
0
12
0
0
0
0
7
0
14
0
0
303
1
9
9
0
0
13
0
0
321
10
1
0
1
332
1
297
0
0
0
0
21
11
1
332
0
16
15
0
0
0
0
0
0
321
0
0
0
0
0
1
11
0
0
9
11
299
324
0
16
9
0
303
314
321
0
328
2
0
13
8
0
1
19
14
311
1
326
314
0
0
16
10
0
324
0
16
14
326
0
0
0
0
1
0
0
335
7
0
0
324
318
15
324
0
1
0
0
14
0
320
9
0
0
0
0
0
306
20
0
0
324
2
0
0
0
328
361
0
0
1
315
0
0
14
14
361
0
1
0
322
0
13
0
308
0
0
0
308
0
14
326
16
0
15
1
0
8
14
1
335
336
298
14
0
327
0
0
0
326
17
363
329
0
0
10
325
0
354
0
0
0
0
311
1
0
0
346
9
12
0
0
335
0
0
0
0
15
12
0
0
0
0
0
0
0
0
0
0
17
0
0
14
327
0
15
300
0
1
7
0
366
7
328
0
12
0
320
0
2
0
1
8
0
0
8
329
15
0
0
0
0
0
340
0
360
16
0
0
0
321
0
0
0
321
327
0
0
0
369
0
0
331
0
8
1
0
0
0
13
322
0
310
0
1
0
0
0
0
22
7
0
0
0
13
329
321
0
0
0
15
0
331
0
0
0
0
1
0
0
1
0
13
0
0
10
349
14
332
0
0
14
0
16
344
332
0
0
0
0
0
1
0
0
0
0
0
14
0
0
0
0
1
0
323
0
0
0
0
318
0
327
0
0
0
0
333
15
305
0
334
363
0
342
0
10
0
9
13
0
0
10
0
12
11
3
0
0
0
17
0
0
306
330
0
16
328
0
13
333
323
0
2
1
0
0
1
373
0
0
0
0
0
306
13
1
0
0
0
15
0
0
0
0
0
0
0
2
341
344
0
0
0
0
0
1
0
9
335
0
0
0
340
17
14
17
0
0
0
7
12
0
1
0
0
1
0
0
316
15
0
0
1
16
0
0
317
10
0
0
0
0
0
0
1
343
0
21
0
0
334
317
0
1
11
15
0
18
0
0
10
369
12
20
0
0
0
16
16
11
334
0
21
0
0
0
0
0
0
0
0
0
331
339
0
12
0
11
0
0
0
0
0
0
0
19
334
352
0
0
0
1
0
0
1
318
15
315
337
329
0
335
15
0
1
11
0
8
16
10
0
13
0
336
0
351
0
0
18
0
336
345
0
0
8
20
1
0
12
10
0
0
13
0
0
0
0
0
0
0
351
0
347
12
0
0
0
348
0
0
339
16
0
0
0
344
10
0
347
10
0
0
324
0
317
12
0
0
0
0
0
0
10
13
0
0
0
12
339
15
0
0
0
0
0
9
0
1
0
0
3
9
9
0
1
0
335
351
330
330
0
0
354
12
0
1
0
0
17
0
366
345
0
0
0
357
0
11
10
0
0
10
0
13
2
18
0
0
0
16
10
0
11
0
11
1
0
0
13
0
10
0
0
0
2
345
0
9
15
9
12
331
11
10
0
8
14
0
8
321
0
21
0
334
0
0
17
2
327
0
0
0
7
0
315
0
0
2
344
0
0
0
0
0
353
0
1
0
8
2
1
1
0
0
8
322
0
0
0
14
344
341
9
0
315
0
21
0
0
0
0
344
0
0
343
347
316
0
0
0
353
0
0
0
331
17
361
0
0
12
0
0
0
11
11
0
328
341
0
337
0
0
1
0
20
12
0
0
387
0
0
0
0
15
7
11
1
14
0
344
364
17
15
0
0
0
1
14
0
0
10
1
0
339
345
1
0
0
0
0
350
0
1
0
14
362
0
0
0
0
352
377
0
0
1
0
0
0
0
11
0
0
13
0
0
0
0
333
333
0
0
0
14
351
0
0
7
15
0
0
0
0
0
0
349
360
12
0
12
0
8
0
0
356
0
2
11
16
364
356
13
0
6
1
2
350
0
0
0
0
17
18
392
0
0
0
0
0
11
0
0
0
0
351
0
0
11
335
1
0
0
0
354
0
0
0
1
350
358
0
0
0
16
1
335
352
0
0
0
0
366
352
2
10
0
0
0
370
1
0
358
0
0
5
2
13
1
364
7
0
0
0
332
350
0
0
354
0
0
0
340
2
0
15
0
0
0
0
13
0
352
0
0
0
15
0
0
0
15
0
367
348
0
0
13
1
352
1
0
0
0
1
0
0
0
13
364
0
11
0
15
0
0
0
9
0
0
0
0
0
0
0
1
359
0
0
10
1
0
1
0
336
336
13
0
1
0
355
0
14
0
0
0
376
17
0
0
0
350
0
0
364
12
0
348
0
13
0
11
0
18
2
0
0
0
356
0
13
0
0
1
17
0
14
0
0
15
362
1
11
0
357
16
0
0
0
0
357
0
12
355
0
362
0
16
0
0
0
12
1
366
15
14
357
1
0
0
0
0
0
0
0
0
15
0
1
0
0
1
9
0
0
0
354
0
0
17
10
15
0
0
0
0
1
8
0
1
0
0
353
17
0
0
0
369
0
0
16
358
344
16
0
17
0
0
0
1
0
0
0
0
0
336
0
0
1
15
24
2
0
0
0
0
354
1
0
369
0
355
351
2
402
17
373
0
370
0
1
359
0
0
0
10
0
0
19
371
18
0
0
0
1
14
358
376
0
0
0
374
362
0
0
359
0
0
0
14
9
1
2
9
17
0
1
0
17
338
14
0
1
0
359
0
0
15
0
0
346
351
0
0
0
376
340
0
363
17
0
0
0
0
405
0
0
11
363
0
11
15
0
0
0
375
20
16
0
0
0
1
358
0
0
9
0
12
0
376
0
17
15
377
359
0
0
0
0
0
1
365
0
0
0
0
0
16
406
0
0
0
0
0
0
377
0
1
0
12
365
0
0
0
0
0
18
18
366
0
0
18
0
16
14
16
0
378
0
0
18
0
0
13
0
357
342
366
1
19
0
11
0
0
13
0
0
0
1
348
0
0
379
363
14
0
0
14
0
0
2
0
0
379
0
0
0
3
0
0
0
15
0
12
0
21
0
12
13
378
0
0
11
0
0
0
13
372
2
14
0
0
398
0
0
397
343
365
0
0
12
371
0
0
0
0
358
0
15
0
0
0
1
384
0
374
0
384
15
11
11
377
0
0
0
13
0
0
15
367
10
12
374
0
0
400
5
1
0
15
0
11
18
12
366
0
2
360
376
0
0
13
0
351
0
1
401
0
17
0
1
367
363
368
1
0
15
0
1
0
1
0
367
0
0
0
371
0
2
11
362
0
0
15
382
369
0
0
0
0
1
0
0
0
0
369
9
0
22
0
16
16
15
0
14
0
383
10
15
0
0
0
0
1
0
0
16
0
18
0
1
15
0
390
0
14
0
390
13
0
0
0
0
0
17
381
21
16
11
370
0
0
0
0
2
403
0
1
0
347
0
1
13
361
378
3
1
361
383
0
0
15
10
7
1
0
0
11
0
18
10
0
387
0
10
10
0
9
18
0
0
367
0
0
356
0
14
18
0
0
371
0
0
373
0
0
368
0
0
0
0
392
374
368
0
0
0
368
0
14
0
0
10
0
12
0
0
0
1
0
0
0
371
0
0
400
0
0
0
0
17
0
0
0
417
368
1
0
16
0
0
0
0
390
0
0
0
365
365
386
0
0
385
369
402
0
0
379
0
0
0
2
0
0
0
0
2
0
19
0
1
0
371
0
0
383
17
372
0
403
365
2
0
1
0
0
381
0
1
0
11
0
0
403
0
1
0
0
14
350
395
13
1
361
0
0
368
0
0
0
14
0
0
0
0
0
0
0
376
1
0
0
13
11
0
0
15
17
16
14
386
0
1
6
0
372
2
372
398
18
0
415
0
383
14
0
0
0
0
0
8
17
392
18
0
397
0
18
0
0
21
0
0
0
364
14
13
0
0
416
1
0
0
368
1
0
0
0
0
0
0
20
0
0
405
0
19
0
0
387
13
0
398
0
354
0
0
1
418
398
11
398
11
1
0
0
0
371
377
9
0
16
386
0
0
0
14
0
0
0
371
418
0
0
10
385
16
0
0
16
384
0
0
16
0
394
0
376
10
1
0
0
0
0
16
0
9
397
378
0
0
14
377
1
0
0
11
1
0
0
8
0
17
0
1
0
13
12
0
11
0
385
379
380
1
16
0
10
1
21
0
0
18
371
419
0
0
0
0
20
0
396
1
386
0
21
419
0
0
0
0
389
391
0
1
18
402
0
0
399
17
0
0
399
378
0
0
0
0
17
386
15
0
20
0
1
379
0
1
15
0
16
0
0
420
404
0
1
11
16
0
0
1
0
0
0
0
391
389
11
21
403
0
0
420
384
11
403
0
0
0
0
393
0
0
387
0
20
2
16
0
394
387
20
0
0
0
2
1
19
1
1
19
0
13
10
0
377
2
402
14
0
0
2
0
0
422
15
391
10
0
0
1
0
0
0
0
406
14
381
0
0
407
0
1
415
13
0
14
0
0
0
20
390
0
1
14
0
0
0
0
2
12
0
9
0
0
1
0
2
0
0
422
0
0
0
0
0
390
0
0
0
433
0
19
416
0
382
0
0
18
0
4
0
395
0
395
0
0
0
0
0
407
1
396
2
391
406
0
0
1
0
395
0
16
0
0
0
18
0
2
18
13
0
12
0
17
0
1
416
0
0
408
0
389
0
0
0
386
0
0
0
21
0
11
22
397
0
1
388
0
0
0
0
0
367
0
391
18
0
403
0
14
14
21
396
1
0
1
412
0
387
1
19
19
16
0
0
0
0
0
382
0
0
0
0
16
0
0
405
0
0
2
0
0
384
0
0
15
20
14
0
0
0
11
0
382
0
387
389
0
0
0
16
0
16
1
0
2
0
1
22
18
12
14
0
0
13
14
430
0
0
0
1
0
0
0
10
1
400
15
0
0
9
0
17
0
408
0
386
0
416
19
0
395
0
1
395
414
1
412
416
1
0
0
401
23
0
0
1
0
0
13
408
0
0
403
8
416
0
0
0
0
0
0
1
1
0
16
422
0
0
401
0
0
433
433
0
11
0
3
0
0
0
1
0
409
431
0
0
0
0
0
389
395
0
0
12
18
0
0
11
442
0
0
0
0
0
18
12
10
0
2
0
385
0
0
2
0
0
0
402
418
0
416
0
0
1
0
0
1
0
0
0
397
0
2
436
0
391
0
0
17
11
0
15
0
23
0
0
8
0
0
405
0
0
418
0
0
0
18
372
1
0
433
0
0
18
438
13
404
0
0
19
0
406
424
0
0
440
0
0
0
18
0
0
24
406
0
0
2
21
400
0
0
446
0
0
0
0
11
0
434
0
0
0
0
400
16
0
0
0
1
11
0
2
1
0
0
0
15
426
0
0
0
0
403
17
14
0
12
0
406
1
389
1
15
406
418
0
0
2
16
22
0
26
0
408
419
0
0
0
427
0
11
0
0
0
18
393
448
0
21
0
415
15
0
0
415
0
0
391
0
0
0
17
0
427
394
14
0
427
0
401
422
0
16
410
0
17
0
0
1
0
401
428
19
394
16
1
0
0
0
1
0
13
0
0
0
0
0
428
9
0
0
0
0
0
0
0
409
423
420
399
0
0
429
0
0
446
409
0
0
0
0
0
0
453
0
0
15
0
2
13
420
9
0
0
1
16
15
412
0
1
428
0
0
1
23
0
0
1
0
455
0
0
0
15
0
18
0
1
17
411
0
423
0
0
10
0
0
405
15
15
0
0
0
0
0
19
0
0
0
415
395
412
0
17
14
0
412
12
9
442
0
0
19
459
0
0
13
0
9
2
0
17
0
15
17
0
0
18
2
0
0
14
0
417
1
417
0
0
21
0
0
20
0
0
0
0
409
0
412
0
0
0
422
2
2
0
0
0
0
0
381
434
0
0
0
404
418
0
427
2
2
2
0
0
396
0
0
0
0
0
0
24
451
15
24
9
460
419
18
404
0
0
0
0
0
0
0
427
436
0
11
0
23
14
0
445
3
0
20
1
0
0
427
414
17
17
18
0
21
0
1
18
0
1
0
16
0
427
0
18
0
0
0
416
1
0
0
1
0
0
0
437
0
0
0
19
0
422
17
0
400
1
0
0
0
0
424
0
427
427
0
0
0
12
0
17
0
17
0
19
14
0
0
17
427
21
420
0
19
418
0
414
424
0
17
22
0
0
0
13
428
0
0
23
14
453
426
0
1
0
0
0
0
437
0
12
439
0
1
388
437
2
427
1
430
0
20
430
422
0
18
425
2
0
11
15
0
21
14
426
14
1
0
17
18
2
10
454
416
0
0
26
0
0
0
431
0
12
1
0
0
1
0
1
17
0
17
0
0
0
413
1
0
428
24
432
17
20
431
0
444
0
13
2
424
0
0
0
15
1
0
1
22
0
19
0
0
26
0
0
0
14
0
17
0
0
0
0
0
1
390
1
423
0
0
0
0
13
16
16
414
1
17
439
0
0
0
0
18
0
0
0
2
425
18
0
0
411
0
0
0
1
1
423
406
0
1
0
415
22
1
0
415
0
0
424
0
18
446
0
437
0
0
473
0
449
17
12
0
0
425
417
446
437
0
0
0
430
0
16
453
0
415
0
0
1
0
0
0
0
0
16
0
0
18
0
0
0
11
0
0
0
14
0
2
1
419
419
0
0
0
0
411
0
18
0
20
0
0
0
0
0
15
20
420
14
0
0
0
449
0
0
0
450
0
0
437
0
12
447
417
0
437
399
0
454
0
0
0
427
0
0
0
453
2
0
13
19
20
0
0
22
14
0
1
15
0
0
26
0
0
1
0
0
0
447
0
0
411
0
0
0
0
0
439
13
0
1
0
3
400
20
1
1
1
435
0
27
0
0
448
0
14
435
1
0
0
421
12
422
435
453
14
19
18
0
16
442
0
0
15
0
2
0
0
17
427
0
19
436
0
0
444
0
0
0
12
0
0
17
18
401
20
0
432
0
0
0
423
0
21
15
422
0
0
440
422
16
460
2
0
453
11
22
18
0
0
451
428
0
0
19
18
23
416
16
0
20
0
1
0
0
0
0
0
0
0
0
6
20
0
0
0
1
0
9
1
0
15
445
437
0
0
424
0
0
460
0
0
18
0
0
0
13
452
460
0
0
0
0
11
20
0
1
0
1
0
431
425
1
431
0
21
0
20
0
427
0
0
448
0
0
4
23
0
15
0
1
446
0
13
0
0
452
433
3
0
0
0
19
463
0
0
0
0
0
3
16
454
2
0
0
0
454
19
0
0
12
2
21
0
0
2
11
19
18
1
0
0
0
0
19
0
0
422
0
0
450
0
0
0
0
465
0
1
17
13
26
437
431
0
1
0
486
0
0
1
0
450
429
453
0
0
438
0
0
0
438
0
18
0
23
0
13
0
12
0
450
0
0
0
0
15
0
0
16
0
0
0
455
455
452
0
0
0
0
0
0
429
433
0
455
0
423
0
0
2
466
0
432
466
432
0
18
19
17
17
2
0
0
0
0
18
1
0
419
0
0
455
0
451
0
453
0
0
453
0
462
0
0
11
0
18
0
0
439
424
0
20
1
0
0
463
453
475
0
0
1
0
0
16
22
0
0
11
17
18
0
11
0
0
0
431
457
0
0
0
0
19
417
0
0
0
0
19
0
17
0
454
470
0
0
434
437
0
0
0
0
0
0
0
21
1
14
0
0
0
0
466
0
22
0
0
0
0
0
1
466
0
0
440
0
0
20
0
1
15
0
429
440
0
0
2
0
0
16
0
0
436
0
20
16
21
17
455
1
456
0
475
1
19
20
0
1
0
11
0
0
0
14
1
19
464
0
20
22
12
0
0
0
10
0
0
0
0
3
22
21
0
456
0
14
1
458
23
17
0
3
0
0
433
0
0
0
0
1
0
0
0
0
458
0
1
458
457
0
461
447
435
2
443
0
15
1
0
10
433
0
0
0
0
0
0
459
0
0
12
440
0
0
0
0
0
0
0
0
460
0
0
446
0
13
17
10
0
455
464
15
0
447
0
0
444
0
0
24
19
1
0
460
10
0
0
0
23
0
1
0
0
13
0
16
21
17
0
1
19
444
1
0
0
0
1
0
0
0
20
18
0
15
0
485
21
17
14
1
0
448
0
0
0
0
0
16
0
19
14
1
0
430
16
0
0
0
17
25
0
2
444
0
436
0
2
0
431
0
0
0
0
0
0
467
15
468
0
0
0
11
1
7
0
22
27
0
1
14
0
17
0
0
19
0
479
0
472
0
26
0
16
1
0
14
0
18
0
0
2
13
456
480
15
21
2
0
0
0
459
483
0
1
0
0
0
0
0
0
0
0
17
1
19
0
0
18
458
14
1
1
1
0
0
22
0
1
432
18
0
0
472
451
0
1
3
0
0
0
464
0
0
0
18
12
0
1
0
0
0
13
1
447
1
0
21
0
0
0
0
21
0
1
3
488
0
0
0
1
488
460
0
0
0
23
0
2
0
15
0
0
17
15
0
0
13
0
444
0
1
471
1
0
15
1
0
1
488
0
0
449
488
0
472
0
0
23
0
19
0
0
15
0
12
0
0
15
0
0
458
0
7
464
0
463
0
460
23
0
435
476
1
0
1
23
15
448
0
0
21
20
0
0
20
0
0
0
478
15
490
0
0
465
0
0
14
0
24
0
16
452
1
1
13
0
1
0
0
15
0
478
0
452
0
460
0
0
0
0
12
0
0
1
0
24
0
0
461
0
0
16
0
465
0
0
0
0
0
0
464
446
18
0
0
455
0
0
0
437
0
0
472
2
17
0
0
463
478
0
1
1
0
0
19
0
2
0
465
0
455
511
1
20
2
19
0
17
0
17
0
23
0
449
16
0
0
0
0
0
0
1
0
0
0
0
1
0
0
26
0
0
0
457
0
0
0
21
0
11
0
0
1
450
18
23
490
478
17
1
0
0
1
1
20
0
0
0
0
0
0
0
0
2
2
493
21
1
0
0
468
0
0
0
12
0
17
0
0
0
0
21
0
451
1
0
16
18
0
0
1
0
0
17
15
497
0
459
18
0
492
0
0
0
0
19
1
0
14
1
1
22
496
0
0
0
0
20
18
0
0
1
19
0
13
0
0
0
17
0
469
1
0
459
15
17
480
0
454
20
0
495
0
0
0
1
0
17
1
0
0
0
0
15
456
0
480
0
22
0
0
464
474
14
19
0
0
498
3
0
14
0
480
0
459
0
15
0
0
26
3
15
0
0
0
460
16
0
0
18
0
17
18
2
2
449
1
499
458
0
2
1
0
0
0
0
1
498
0
0
0
471
0
447
0
475
3
3
0
0
1
461
0
461
0
0
23
14
484
483
1
0
15
0
0
2
13
0
0
17
24
17
499
451
524
0
524
476
0
447
1
13
0
12
463
0
463
0
0
17
0
0
0
2
0
0
0
0
0
2
0
24
26
0
16
0
0
502
17
0
0
0
1
0
479
0
13
8
0
15
486
0
0
0
0
0
0
0
465
0
0
0
448
0
507
0
461
492
0
0
501
448
492
0
0
0
0
23
1
0
0
19
20
1
502
0
0
0
0
16
1
21
0
0
448
486
21
491
0
491
496
0
484
0
0
17
17
0
1
0
28
472
0
22
0
0
0
496
481
19
0
0
0
0
0
0
0
21
462
3
0
528
0
0
0
509
19
0
1
0
493
0
0
0
0
0
471
493
0
0
480
21
23
0
21
0
0
0
465
14
0
457
0
1
0
18
0
11
16
0
528
476
462
0
0
0
0
14
0
0
0
0
0
480
19
467
12
0
0
2
1
490
1
500
490
0
500
1
481
0
484
0
495
0
0
0
0
0
528
0
0
0
0
483
467
493
12
0
2
0
0
0
16
1
20
1
475
0
1
528
528
1
504
21
0
20
25
0
0
18
2
0
0
0
1
17
0
23
1
0
0
23
24
0
500
0
4
13
0
0
484
0
0
12
0
17
0
0
0
10
0
476
0
0
0
470
0
510
1
0
0
0
0
22
472
0
0
0
492
0
9
509
23
0
471
2
0
13
0
25
0
18
0
459
0
517
0
0
0
496
0
474
21
0
2
0
4
0
0
481
0
518
0
0
0
1
0
460
23
459
1
0
0
0
0
0
25
0
510
0
0
24
1
0
0
475
0
0
1
0
0
23
0
0
0
0
461
492
473
461
482
497
0
2
21
0
482
0
0
1
14
23
1
510
0
12
24
0
0
1
499
2
0
0
0
1
2
0
478
0
0
15
0
492
0
26
2
17
514
483
0
0
24
0
22
0
0
0
501
1
21
17
0
0
0
0
0
502
508
0
512
2
0
0
0
24
27
0
0
483
475
0
24
0
0
0
0
0
493
18
1
21
0
0
13
15
2
0
2
0
1
0
494
18
0
0
485
17
1
0
0
0
0
19
0
1
515
0
18
14
17
1
503
14
28
1
0
1
0
23
0
0
16
0
17
513
0
18
0
15
0
0
0
0
25
23
2
494
0
0
0
0
540
0
20
0
17
495
10
0
0
0
0
0
503
489
0
0
0
15
2
0
0
0
23
0
526
0
0
1
20
503
483
0
0
0
24
0
20
1
0
17
0
0
1
2
0
0
0
25
23
20
0
495
0
505
0
486
0
0
1
23
0
17
0
0
0
466
0
527
486
509
0
0
499
509
490
0
0
19
509
0
0
0
11
0
3
501
21
19
22
1
0
0
0
0
0
507
1
0
0
0
511
0
0
16
519
0
0
1
13
1
19
520
511
0
0
493
0
0
19
0
1
21
0
0
0
500
0
0
509
0
0
1
0
0
0
521
509
500
0
1
19
0
529
548
16
23
23
1
0
0
1
0
502
14
12
0
1
486
0
1
0
0
0
0
0
489
0
489
0
509
25
0
489
23
483
20
0
0
9
522
0
1
15
0
21
1
0
5
491
18
510
0
19
502
16
510
0
21
0
0
0
1
0
0
0
0
0
1
23
550
23
0
17
502
524
0
0
489
0
504
0
14
21
510
21
501
14
472
21
0
0
0
0
484
0
0
0
0
0
0
517
506
489
0
19
487
0
14
511
0
533
0
0
0
501
0
0
0
526
0
2
518
24
1
16
0
19
0
488
490
0
0
15
506
0
27
20
495
27
0
511
0
0
484
14
0
11
526
552
0
0
0
0
2
2
0
0
18
0
0
1
0
23
506
17
23
0
25
21
490
0
527
0
0
527
0
0
1
27
0
0
0
0
0
1
25
24
25
31
23
0
0
522
541
22
0
0
528
522
0
4
526
0
541
0
0
0
0
518
0
0
0
0
1
1
0
0
531
0
2
514
0
0
0
21
514
0
0
0
0
19
514
1
511
19
0
0
0
25
0
0
525
27
19
0
0
514
0
0
20
2
0
0
509
0
2
0
0
0
505
526
558
2
496
499
0
1
0
0
18
15
30
0
489
522
13
1
0
0
18
16
505
24
22
22
0
22
481
0
1
0
0
0
0
514
0
23
18
511
0
515
530
4
17
511
1
21
28
0
18
21
563
0
0
0
477
23
0
0
529
0
496
0
496
22
0
0
0
496
0
0
0
23
0
0
0
0
498
9
513
0
518
18
0
0
504
0
505
0
1
1
0
21
25
2
0
19
0
534
23
18
0
512
504
0
29
20
525
0
0
530
515
0
0
0
19
0
543
0
0
0
14
0
23
1
0
0
499
0
23
23
0
0
0
0
0
0
23
0
0
505
0
15
0
2
23
22
0
532
535
23
0
0
0
1
2
22
17
506
27
0
504
0
0
21
0
1
0
0
16
487
0
0
1
521
0
0
3
0
0
0
0
0
0
0
2
0
1
0
0
15
1
0
0
1
0
0
0
0
511
0
1
573
0
0
0
0
0
536
528
0
0
3
0
0
547
542
0
0
0
530
0
0
489
0
517
0
17
524
19
20
21
507
0
0
2
517
0
0
0
0
1
514
0
0
0
0
502
1
0
0
0
0
519
551
0
529
3
14
503
0
22
551
0
0
0
0
0
552
12
0
0
0
0
0
22
0
0
0
0
17
19
511
511
16
0
491
20
19
0
514
0
0
0
530
521
553
0
0
0
0
0
539
527
21
22
22
0
16
16
544
491
0
0
0
17
0
1
540
9
0
514
0
0
0
0
517
23
532
0
24
13
0
23
16
16
492
505
0
1
0
541
515
0
0
0
24
0
0
21
2
0
0
20
0
0
0
0
0
0
2
517
515
525
524
0
16
1
21
556
0
534
19
0
0
0
0
1
1
0
1
3
0
2
0
509
0
0
0
18
519
0
0
0
17
519
0
1
0
0
554
510
519
0
544
22
0
0
0
0
526
0
0
0
0
0
17
0
1
18
0
15
0
0
0
544
541
17
27
2
0
506
515
15
26
16
549
1
519
24
0
0
0
559
0
21
0
1
549
22
0
0
0
10
19
0
17
529
24
0
18
0
0
0
499
0
0
18
546
0
0
2
587
0
0
544
33
497
18
1
2
516
1
0
2
561
528
16
0
0
0
0
546
0
19
0
0
0
23
0
0
15
0
0
0
0
20
24
1
0
1
0
538
3
0
544
0
0
21
0
591
0
1
0
1
547
0
550
0
0
19
19
515
530
560
530
0
0
27
23
511
0
0
526
0
0
0
0
561
0
547
0
530
2
1
19
0
0
0
0
525
0
0
14
1
0
2
0
524
24
547
504
18
0
18
0
0
0
0
548
0
26
0
545
542
0
26
530
1
0
15
0
0
0
530
20
1
542
19
0
18
0
0
543
553
543
1
19
1
0
0
0
0
0
0
21
23
0
14
0
23
27
532
0
551
0
552
0
553
526
0
0
0
0
21
552
2
552
1
1
22
21
3
1
2
0
0
0
27
514
23
552
0
21
549
0
514
19
24
22
26
9
528
20
3
0
27
1
30
539
0
18
0
0
0
533
0
2
0
0
9
545
0
0
0
0
22
16
18
21
0
0
0
0
0
23
16
0
0
0
0
0
0
530
17
0
0
1
520
0
597
535
526
18
550
0
0
555
0
0
1
546
1
535
0
567
0
26
555
0
22
0
0
0
531
0
518
0
2
29
1
0
532
0
26
0
553
27
14
1
0
545
27
4
0
0
511
0
547
602
0
547
19
0
25
33
1
0
0
0
19
0
536
19
0
556
0
545
14
552
0
0
0
1
0
0
0
552
0
0
1
0
0
0
0
0
0
0
536
0
0
0
532
0
25
0
24
0
0
0
536
19
1
25
512
0
19
535
0
0
0
536
0
20
2
510
18
0
0
0
535
16
0
576
0
21
13
19
0
0
0
18
0
2
549
0
560
1
1
17
0
0
25
0
539
2
0
605
0
16
0
0
515
1
23
3
534
577
0
551
1
517
513
23
1
0
0
19
0
0
0
0
0
0
0
24
537
0
24
0
0
0
24
26
0
579
18
14
537
563
0
21
0
0
579
0
0
21
0
12
14
0
0
0
1
0
0
0
0
542
580
0
0
0
0
0
550
20
27
20
0
1
1
532
21
19
551
0
0
0
567
532
24
574
0
0
16
22
561
26
542
0
0
11
16
526
0
0
0
533
0
0
0
0
607
1
0
0
534
18
1
0
0
0
0
0
18
32
0
0
19
21
0
0
2
542
518
559
562
15
0
0
0
561
0
0
0
0
0
0
19
0
0
0
0
23
550
0
0
568
0
2
0
25
0
0
3
20
585
543
1
562
0
0
0
609
20
544
21
0
18
0
0
1
0
546
1
17
0
0
0
563
1
519
1
0
0
0
0
0
0
0
0
0
556
0
0
0
15
0
29
20
0
0
0
538
0
0
0
19
0
577
0
19
0
0
0
0
1
18
22
0
0
524
570
0
0
0
3
0
0
0
0
0
0
23
0
0
578
0
559
3
0
0
0
0
22
0
24
0
549
0
22
0
1
0
587
593
21
538
0
22
522
555
0
569
0
4
20
573
0
1
0
0
0
0
0
22
0
23
0
0
0
565
0
13
575
0
0
17
4
0
0
24
0
0
0
24
546
545
18
30
560
15
0
0
0
0
0
31
0
0
0
566
521
0
21
0
575
546
0
0
0
542
1
0
13
0
22
0
0
18
0
21
0
0
0
0
549
24
0
542
0
0
0
28
22
0
0
1
1
0
0
558
558
547
2
618
0
20
0
0
1
0
0
0
0
0
537
0
0
0
0
0
527
0
0
0
0
0
0
0
23
0
0
553
0
0
16
2
0
0
0
579
25
548
1
0
0
0
21
0
0
0
0
17
0
15
0
3
577
527
1
1
20
0
559
0
551
0
0
0
0
2
564
1
583
1
0
546
0
25
0
18
22
1
0
0
1
0
539
19
0
0
0
0
0
0
0
0
0
0
0
539
20
1
575
28
0
570
22
2
2
0
595
30
1
0
24
0
0
0
13
21
27
0
1
0
0
17
21
0
0
3
15
0
0
541
0
0
0
0
0
1
0
3
0
0
0
0
0
557
1
1
0
535
0
563
21
551
23
22
604
571
0
0
0
0
0
0
0
564
0
585
15
0
27
559
1
559
0
23
0
0
0
0
3
588
0
0
3
0
22
1
0
590
565
19
0
565
29
2
0
0
0
20
573
20
0
0
577
0
0
27
14
0
11
0
543
590
0
559
2
0
0
0
0
2
551
0
0
1
0
29
0
0
0
20
577
0
0
22
0
0
630
0
0
0
1
0
1
0
1
23
3
1
0
1
571
16
554
559
27
0
1
1
0
631
27
1
553
0
0
27
0
21
26
0
631
0
0
531
631
22
0
24
0
0
570
1
0
27
0
2
16
609
0
3
0
28
18
0
21
2
1
2
0
25
582
560
1
0
0
0
1
22
0
0
24
0
0
0
23
33
556
0
593
29
0
0
0
561
1
0
0
583
24
1
2
0
0
0
0
558
0
18
0
1
594
0
0
533
2
0
0
551
551
570
571
0
0
0
33
557
14
0
0
0
0
632
632
18
19
0
0
0
10
0
1
0
2
26
0
0
21
24
0
559
1
17
22
21
0
16
0
0
24
0
27
0
594
15
578
1
0
0
0
0
0
0
0
560
0
0
0
0
559
555
2
0
0
26
1
0
0
1
0
21
0
585
0
0
21
23
0
0
32
23
0
25
0
0
559
20
1
0
20
556
32
21
13
0
0
0
0
17
2
0
0
0
543
2
0
0
24
0
21
0
0
1
0
0
586
24
2
23
580
616
591
1
0
0
581
0
0
572
0
16
0
21
0
0
591
0
0
0
580
0
581
0
0
637
598
2
599
0
0
544
0
599
0
0
31
28
536
17
2
0
28
0
0
0
638
1
0
562
19
0
19
2
23
601
24
0
0
0
22
0
0
23
0
0
3
0
0
0
1
1
0
585
13
0
15
1
0
0
22
0
0
587
17
0
2
564
0
29
0
0
595
0
0
0
569
0
560
21
0
0
0
0
0
0
0
0
560
23
599
16
593
603
1
0
15
15
0
596
17
20
22
0
1
561
30
26
25
601
25
1
0
0
0
0
0
1
2
0
0
17
2
589
0
567
0
0
1
0
0
1
0
0
564
0
621
599
2
602
0
0
603
561
602
0
0
1
596
0
0
15
2
5
552
0
0
0
28
19
603
22
24
0
0
0
648
22
601
622
0
0
649
30
1
0
17
1
0
0
1
0
22
2
20
18
619
619
2
0
0
0
623
0
1
0
3
584
0
0
0
562
1
2
0
0
0
0
0
21
0
562
572
0
0
0
0
0
28
0
0
0
0
26
2
2
0
0
569
0
21
0
0
0
1
1
17
0
0
0
1
1
620
563
0
564
23
0
22
26
0
0
26
22
0
25
1
20
0
579
24
0
652
18
20
564
0
0
21
569
4
29
0
0
0
572
572
0
1
0
0
0
1
0
0
22
0
0
0
1
2
0
583
0
0
0
0
0
1
0
24
25
596
0
0
20
0
26
1
0
0
22
0
0
20
0
4
0
607
0
580
24
608
0
0
565
609
0
15
0
23
601
1
2
12
0
0
590
0
0
653
603
0
653
568
612
0
551
22
565
0
584
0
16
25
20
0
596
610
603
0
571
1
21
26
23
578
3
596
23
24
24
575
0
0
0
584
0
571
1
27
588
22
598
3
0
0
0
0
0
0
0
25
600
0
567
0
599
0
26
0
0
1
570
634
0
587
0
616
0
555
0
2
20
570
0
0
574
611
1
3
0
0
611
1
606
0
24
0
0
0
20
0
0
1
20
0
588
17
0
1
35
24
0
1
586
0
571
24
1
22
0
588
0
1
572
0
0
0
23
660
1
2
0
21
635
20
0
0
0
0
0
23
0
20
32
2
29
27
0
24
0
1
0
606
22
638
0
27
23
0
0
0
2
0
602
1
572
23
26
20
0
0
613
0
583
20
0
0
613
24
28
0
0
616
0
0
0
2
0
0
0
0
0
593
1
20
0
0
606
0
0
27
0
0
0
0
2
1
0
25
614
0
0
0
0
624
1
23
0
17
589
0
564
577
21
0
1
21
0
0
606
2
0
1
0
25
25
607
1
0
17
0
663
1
0
0
0
0
2
0
0
594
30
20
565
0
614
21
0
21
618
0
0
0
16
0
643
0
23
16
0
28
24
22
0
0
620
27
35
2
0
29
20
1
0
0
21
0
1
0
1
0
0
0
0
0
0
0
0
0
0
0
602
0
0
0
0
0
0
0
0
0
27
0
0
0
30
0
0
1
0
586
0
0
18
616
10
0
1
30
606
0
2
0
21
0
609
0
0
21
1
0
24
1
0
25
0
0
600
0
596
599
0
0
1
28
0
0
0
0
0
0
0
4
23
0
0
23
0
1
20
27
0
21
29
17
0
0
0
0
0
0
22
20
588
0
1
581
31
31
1
0
0
0
0
1
0
2
0
29
0
2
0
0
614
0
23
0
0
628
0
614
1
0
0
614
0
0
0
614
614
0
2
14
0
0
24
0
18
647
0
27
619
0
0
0
1
0
1
0
0
0
0
26
27
0
0
30
605
0
2
668
1
17
600
0
632
0
28
601
600
17
3
2
0
0
0
1
0
0
1
1
2
0
587
0
633
1
0
0
0
669
0
0
0
0
634
0
1
2
22
615
0
18
0
0
23
587
0
0
1
649
24
1
0
20
616
600
635
0
601
0
631
0
21
0
0
21
2
16
615
1
0
609
590
29
24
0
604
594
609
609
0
1
0
2
1
616
0
21
0
2
0
19
1
1
0
0
0
17
1
585
1
612
0
643
0
0
601
1
606
0
609
0
1
643
22
0
0
0
623
589
26
0
25
21
1
0
0
22
2
0
0
607
17
0
0
24
1
0
0
587
0
0
0
0
0
634
621
0
29
0
597
0
0
0
25
0
597
0
0
25
0
1
0
0
36
608
605
0
591
0
0
594
0
0
0
1
0
0
23
590
595
1
631
0
0
0
16
0
0
0
0
18
0
597
1
0
0
23
0
609
18
0
611
20
3
591
591
0
607
1
0
0
0
0
1
611
0
22
586
626
0
0
27
0
1
635
26
34
0
629
0
29
612
2
630
0
0
24
33
10
0
0
0
0
655
0
1
599
592
0
0
22
637
0
0
2
646
610
33
601
24
0
1
0
0
0
0
0
25
26
632
0
14
33
0
0
0
24
18
0
3
2
14
0
0
0
593
0
657
2
614
0
649
613
13
1
0
1
23
23
19
682
0
0
594
1
0
0
14
629
0
26
0
0
611
629
0
620
0
623
14
2
0
32
23
34
17
26
600
0
601
0
0
27
0
24
0
623
0
24
0
0
30
683
0
28
0
654
0
0
601
683
0
18
22
0
0
0
2
26
0
1
0
10
1
597
594
602
621
612
0
0
1
599
637
661
0
621
32
0
2
0
0
0
0
22
1
0
0
4
0
21
0
621
0
0
26
0
618
0
0
0
685
1
30
0
648
30
0
1
0
24
23
30
0
0
0
1
1
0
635
0
17
0
28
603
621
25
35
636
0
0
23
23
23
0
27
31
0
0
0
0
659
16
0
1
0
0
0
0
1
0
0
687
2
0
0
653
1
0
653
0
0
604
622
20
597
0
0
0
1
1
0
0
22
0
660
0
25
37
25
0
0
622
2
0
628
0
650
4
2
0
23
0
0
4
0
660
2
1
19
625
0
607
0
0
0
0
2
22
0
604
643
621
655
1
1
0
0
605
631
605
0
0
0
605
644
0
0
0
0
1
21
1
0
650
26
0
0
0
657
606
0
0
0
0
22
606
0
619
599
30
0
0
0
1
0
1
1
0
0
0
0
0
18
0
625
0
0
643
0
0
0
1
0
602
31
610
2
619
2
0
0
0
0
607
0
0
19
32
2
654
32
0
0
0
601
626
0
3
0
0
612
0
0
31
0
0
616
0
663
1
31
19
0
641
0
0
0
3
670
0
0
620
0
0
0
671
616
0
2
641
0
656
23
606
30
0
20
20
0
0
0
0
0
0
641
0
26
0
0
1
22
21
663
608
626
28
621
2
0
0
629
2
0
0
0
0
19
17
669
0
0
607
0
0
0
27
0
31
2
0
2
1
23
0
0
0
22
0
0
0
0
24
26
0
633
0
28
0
0
35
0
652
0
0
0
1
0
669
24
19
0
0
0
24
19
0
613
0
0
0
0
0
20
0
0
613
0
0
24
22
0
3
635
616
616
0
603
1
0
0
0
17
667
675
648
18
0
0
0
612
624
0
613
0
624
0
25
0
30
0
0
1
0
0
634
648
0
0
23
1
0
23
36
631
0
0
0
644
644
634
0
620
0
21
0
19
631
0
625
649
699
673
0
0
0
0
21
4
676
0
2
645
28
0
25
23
0
621
1
633
0
664
21
0
0
627
678
0
627
3
0
26
3
20
23
0
3
0
0
702
0
1
628
0
0
628
24
0
665
653
0
614
0
613
21
29
0
21
0
27
0
0
0
1
25
26
27
3
0
21
0
22
1
0
25
636
0
24
1
616
636
637
2
0
0
0
3
0
0
0
675
0
0
26
0
2
0
625
11
0
0
653
643
23
0
1
0
625
26
0
628
24
0
22
0
0
619
0
649
1
19
0
23
0
676
1
0
0
1
625
0
0
0
25
33
0
0
617
0
33
0
0
0
0
0
1
20
16
12
0
0
0
637
0
0
656
0
668
0
0
0
650
0
19
20
637
642
0
0
33
0
18
688
0
1
30
0
0
0
0
0
1
666
626
0
2
0
661
21
25
1
22
0
0
26
657
0
19
626
0
0
667
0
0
23
2
671
22
30
2
0
625
21
0
0
0
0
648
0
0
0
1
0
18
28
639
3
0
23
1
2
29
629
30
0
0
25
0
0
0
0
0
0
29
0
30
1
36
0
0
0
683
0
0
0
0
0
648
0
0
0
0
620
29
0
620
2
621
0
0
631
0
26
0
20
2
0
641
19
0
0
0
0
29
667
25
0
0
629
0
670
650
0
1
0
645
0
0
0
641
0
1
27
0
0
0
29
30
0
0
0
1
2
0
0
0
639
1
0
621
26
0
0
24
21
710
0
18
648
0
0
19
23
28
0
0
644
28
29
25
670
1
2
27
0
0
1
0
0
0
1
0
661
0
23
0
644
634
1
0
625
0
21
0
25
26
632
1
0
628
1
0
0
24
36
0
0
30
0
0
0
1
0
0
0
0
0
0
0
634
663
3
648
0
0
27
0
27
0
654
14
0
0
28
29
0
698
0
35
0
23
698
23
27
20
0
1
0
0
0
24
2
634
712
4
648
0
0
664
0
669
0
625
0
0
37
0
689
712
0
0
0
0
0
0
0
0
0
0
26
0
630
37
0
0
0
655
637
0
28
659
0
0
1
26
22
0
0
0
2
0
0
0
1
0
1
0
28
19
667
0
0
0
0
0
0
0
0
1
0
0
672
1
0
634
0
0
1
0
1
0
650
24
0
0
24
0
685
0
25
659
2
0
665
673
0
0
0
0
651
18
0
0
26
0
0
23
0
0
0
669
1
30
1
0
641
0
37
1
0
35
0
0
2
24
0
0
0
0
0
0
28
29
0
0
0
639
24
636
0
0
23
2
0
0
648
0
0
636
651
0
0
0
0
709
0
0
717
0
0
0
36
2
648
0
29
0
30
0
672
628
0
0
637
27
3
1
2
0
1
1
0
0
0
0
0
0
0
1
1
641
0
0
2
1
660
0
636
1
0
0
25
29
0
0
0
31
695
0
31
0
22
0
3
0
2
642
3
2
0
0
24
0
30
0
0
28
723
0
641
2
1
0
23
1
653
1
0
0
3
0
0
0
0
653
21
649
0
0
25
0
715
26
0
5
654
677
677
1
0
23
665
0
27
23
0
693
0
24
0
27
1
1
0
0
644
649
655
2
0
0
0
0
1
0
27
2
0
21
0
657
638
3
0
30
0
3
32
686
0
26
0
668
0
645
693
0
657
0
0
0
0
680
1
31
2
1
0
0
0
688
0
663
0
18
1
657
632
0
0
0
0
2
0
0
0
0
0
31
0
0
2
24
3
656
0
673
640
3
0
30
28
0
0
728
0
0
0
671
34
652
0
0
0
32
0
16
29
651
0
643
0
0
4
0
0
696
0
0
30
0
0
22
0
3
0
668
0
641
14
0
0
665
0
1
1
0
0
0
637
690
0
0
0
641
0
0
0
2
678
0
0
0
0
0
0
0
0
0
28
2
0
0
23
0
673
0
23
28
0
0
30
0
695
0
695
30
0
0
684
0
0
0
0
0
664
1
1
0
679
648
0
0
0
0
0
0
695
0
686
1
2
1
647
0
0
0
0
0
1
0
0
0
649
0
0
0
22
0
0
26
0
0
21
0
31
734
662
32
21
0
21
27
0
671
35
0
662
1
675
0
0
0
1
2
660
2
0
0
31
0
27
23
0
721
31
1
669
0
0
652
1
0
689
662
0
0
667
0
0
695
0
1
0
653
0
737
667
1
0
3
0
20
0
667
0
28
1
0
684
0
2
0
653
0
652
1
1
28
0
1
11
0
24
0
668
723
36
0
26
0
0
0
27
1
0
34
689
0
0
1
686
0
0
5
0
0
1
1
694
26
0
0
0
0
643
653
0
26
0
0
11
1
643
0
0
0
0
0
0
0
744
26
25
643
0
0
29
665
27
656
31
28
0
684
672
1
3
0
0
31
25
0
0
4
0
0
0
26
0
660
18
0
0
657
25
0
0
2
24
0
0
0
1
0
0
0
0
0
27
1
36
2
0
0
1
0
0
34
25
0
0
2
0
3
0
688
2
693
26
0
0
729
0
0
654
0
0
0
2
0
0
1
0
0
1
0
1
699
0
0
656
35
2
36
32
2
708
718
746
21
668
666
1
709
0
0
0
0
28
23
669
3
0
22
2
1
0
2
31
0
0
2
0
0
0
1
20
0
25
0
667
709
0
0
0
24
708
2
1
0
678
2
0
712
22
0
0
0
0
0
1
0
720
1
0
0
25
31
659
670
0
658
25
0
701
670
0
0
0
0
26
0
0
0
659
0
691
0
30
702
25
676
724
680
21
2
0
0
0
25
658
39
0
0
23
648
0
0
1
0
0
0
0
0
0
668
19
2
2
1
0
0
0
0
0
0
697
30
0
0
0
0
24
0
29
0
0
0
0
0
668
1
0
659
658
20
0
2
0
0
0
668
35
0
29
679
0
0
0
26
1
0
0
0
22
693
0
0
0
699
0
0
0
0
674
0
29
30
0
0
700
0
663
34
668
30
2
23
27
0
0
2
711
675
668
0
24
670
687
26
2
0
748
0
1
2
0
1
0
19
0
0
0
668
0
1
685
714
677
685
1
0
0
19
0
703
1
0
0
0
681
0
0
0
4
0
0
0
2
1
0
0
30
0
701
0
0
0
0
0
19
26
0
0
1
679
1
21
0
2
0
0
0
733
37
25
669
664
0
0
0
28
0
0
0
652
0
680
1
0
0
711
0
1
0
0
22
0
0
0
679
0
33
1
0
0
27
0
0
0
754
0
22
30
26
3
0
0
1
1
31
20
2
4
24
0
0
0
28
0
0
26
0
0
1
36
0
713
1
23
0
27
666
1
0
0
26
1
692
754
0
24
1
671
0
0
0
755
0
1
1
27
0
2
25
33
27
666
0
755
2
24
0
0
722
669
2
1
0
681
23
0
28
0
0
663
27
23
0
34
0
2
28
0
1
0
0
23
0
0
28
657
716
657
32
30
0
0
0
22
673
26
3
28
1
1
0
0
0
0
2
31
2
0
0
673
695
1
727
0
27
2
0
696
39
21
1
0
0
0
22
0
17
26
0
3
19
3
736
0
673
23
673
0
1
3
0
715
0
700
35
673
667
0
25
0
25
29
717
0
0
697
25
0
0
25
0
0
0
28
0
1
1
19
713
27
673
0
0
688
0
0
0
34
0
0
0
0
0
0
0
17
688
660
34
0
0
718
0
0
0
718
0
676
35
0
19
26
30
0
1
0
0
0
1
1
708
0
0
717
0
28
0
676
25
0
0
23
0
0
0
0
0
0
669
676
28
0
1
0
0
694
1
0
711
0
679
0
24
0
0
0
0
0
0
0
0
1
0
0
0
26
0
0
663
0
0
0
0
0
0
0
28
0
724
2
0
0
732
0
720
1
0
2
0
684
0
27
732
24
0
698
21
0
0
0
0
699
691
0
0
0
0
1
34
721
743
718
2
4
0
700
23
0
20
0
2
0
0
0
36
0
692
36
724
0
695
0
17
0
0
0
2
0
0
692
1
698
25
28
676
0
0
3
20
30
22
1
0
0
0
0
0
734
31
763
26
676
0
0
37
1
2
0
702
36
0
722
2
0
0
0
15
0
704
0
0
1
0
0
36
676
0
27
0
0
0
34
2
2
0
737
0
695
1
0
724
704
0
680
676
22
705
24
696
28
0
25
16
2
37
26
2
0
28
0
27
735
0
720
31
0
707
739
690
0
0
0
696
27
0
1
1
40
0
727
29
0
30
1
23
696
27
1
0
25
31
25
0
0
33
0
747
0
0
36
1
0
0
671
1
0
32
1
36
0
0
0
0
0
0
728
22
0
19
2
738
0
0
739
1
0
692
703
0
0
25
0
2
22
2
1
0
24
711
0
729
687
0
0
27
0
29
0
21
0
680
0
0
0
1
0
0
0
680
0
0
0
14
730
1
32
0
0
0
725
26
0
712
27
0
1
28
1
764
0
26
0
0
1
0
0
692
29
704
0
781
0
731
33
1
0
0
0
0
0
0
0
0
2
1
0
705
732
0
0
0
2
0
765
0
0
0
21
0
1
0
25
28
1
0
28
1
18
675
706
712
0
766
2
0
0
0
2
0
0
2
0
0
1
0
32
0
26
0
31
19
25
0
0
0
686
0
0
0
682
3
682
0
4
0
740
0
705
0
733
0
708
30
0
0
0
5
0
0
0
0
0
0
689
0
768
0
685
0
0
0
693
1
0
0
746
1
23
0
1
0
0
0
1
685
0
0
30
29
0
40
0
690
1
1
752
0
2
1
0
30
0
682
1
0
0
32
0
0
719
0
0
27
1
0
27
0
0
0
719
0
0
0
0
32
31
36
0
0
0
1
1
0
2
0
0
757
1
0
28
0
2
38
29
27
0
717
0
717
689
2
35
1
0
1
0
24
27
0
0
761
0
2
0
0
1
0
0
0
692
31
33
33
0
0
0
0
752
24
0
2
1
28
0
0
29
0
25
0
755
0
0
30
693
2
1
23
0
27
25
0
0
22
1
27
686
0
730
0
29
23
0
0
29
23
2
723
0
1
0
32
38
733
697
0
0
2
31
0
0
0
775
0
2
754
740
22
1
719
27
0
692
33
1
0
0
0
0
0
755
700
1
1
0
0
755
692
730
0
1
3
749
0
735
777
0
0
700
0
1
735
0
0
0
0
0
758
795
1
0
0
32
30
724
0
32
0
723
0
0
0
39
751
735
0
22
2
1
21
724
1
1
0
0
1
36
0
0
27
0
2
0
731
0
752
0
0
1
0
29
0
0
0
0
19
759
25
752
0
22
0
0
0
752
25
0
20
696
693
26
0
0
0
0
1
705
0
2
0
799
27
799
27
26
0
693
26
724
30
0
0
2
3
0
1
4
732
25
27
33
0
1
22
0
697
1
31
0
735
727
0
2
705
705
0
706
696
26
26
735
0
0
0
0
724
706
0
699
19
41
1
0
0
0
768
0
1
706
0
0
2
27
4
735
769
0
1
1
0
724
32
26
20
0
2
698
0
0
0
0
698
802
21
0
802
0
735
0
25
32
22
0
0
23
0
1
0
0
0
0
0
26
0
1
731
21
0
756
699
0
0
1
0
0
732
0
773
738
0
0
35
0
700
738
721
31
709
0
0
0
0
21
741
28
1
0
0
0
707
0
3
0
0
0
0
1
0
0
763
0
0
2
32
0
0
1
700
1
0
0
806
700
23
1
737
23
0
0
2
0
32
20
1
0
28
0
3
0
710
27
1
0
30
0
37
0
1
734
0
0
0
26
0
1
0
1
742
0
24
741
0
765
25
1
0
785
38
0
26
0
0
2
0
2
1
1
0
29
0
0
23
734
20
809
2
2
2
37
0
0
0
2
0
0
0
0
0
706
1
1
768
0
743
0
1
23
735
713
0
0
31
712
708
28
2
29
26
31
0
767
1
27
0
2
767
0
0
0
0
0
0
27
0
26
34
706
2
0
0
32
0
1
0
32
0
782
767
738
0
22
0
0
745
0
26
0
0
3
0
0
0
1
0
0
0
1
0
708
32
0
0
0
0
0
2
0
0
0
34
1
0
0
0
761
0
0
0
761
0
0
26
1
0
0
2
0
0
0
0
714
0
0
812
715
24
1
708
2
0
0
1
2
730
715
36
0
2
31
774
740
0
0
0
0
0
0
0
0
742
0
31
33
0
740
748
0
20
0
786
786
0
0
18
39
711
1
0
0
718
1
1
3
37
790
0
0
1
0
745
738
31
0
0
774
712
0
0
1
26
39
741
0
0
0
712
0
2
0
1
764
0
0
32
2
34
732
3
0
0
740
1
746
765
713
0
0
32
5
2
0
31
3
35
775
32
0
0
0
746
28
20
0
771
0
2
0
742
0
721
0
0
0
746
0
0
1
2
41
0
714
23
26
0
816
0
0
0
37
0
0
714
0
0
0
22
26
0
21
1
0
792
0
29
17
0
817
747
0
0
0
31
0
0
773
37
0
32
33
0
27
1
0
789
25
29
0
0
0
35
818
727
0
1
819
716
0
789
24
1
1
721
0
0
0
749
0
0
727
0
0
0
0
39
0
0
0
0
1
1
26
821
28
1
0
35
28
0
716
1
0
0
0
0
730
35
0
729
0
774
0
0
0
0
0
770
1
0
0
31
776
0
730
0
750
0
0
26
0
779
750
756
0
0
0
756
0
0
786
0
0
31
0
757
30
786
25
29
0
1
0
725
0
0
0
0
0
757
0
722
28
758
0
0
779
752
2
0
0
0
0
0
16
825
743
0
0
0
0
753
33
25
2
0
0
759
793
1
36
0
0
0
720
0
0
735
0
720
0
0
2
0
1
22
780
0
0
0
720
1
1
0
0
0
0
0
0
0
30
0
0
34
724
0
745
1
0
0
732
31
0
796
0
0
755
724
18
29
2
0
0
787
0
1
0
35
0
30
0
34
0
0
31
0
28
0
27
26
30
34
1
0
748
0
0
31
0
0
727
727
39
0
35
0
0
0
757
2
796
0
0
24
1
30
739
796
0
0
1
0
0
0
27
0
760
0
3
747
0
0
38
720
1
0
27
0
32
0
0
1
33
0
25
2
0
0
0
31
0
0
27
1
1
0
0
753
0
0
0
34
0
0
0
0
0
29
35
0
729
29
26
36
726
0
36
0
0
0
0
0
0
0
0
0
28
35
0
1
762
749
0
0
24
0
0
730
0
0
1
0
28
0
0
736
0
723
32
22
0
1
31
38
24
0
0
765
28
0
0
21
0
0
0
733
0
0
762
32
32
764
799
731
20
0
727
800
0
0
30
0
738
0
2
799
0
0
1
738
0
23
0
0
0
0
29
833
0
0
0
728
0
0
0
0
2
0
0
751
0
36
0
0
0
0
29
732
1
0
25
767
0
0
756
1
0
0
0
32
761
0
4
0
2
27
21
0
0
1
0
0
0
0
0
801
21
1
0
24
0
0
20
0
0
0
0
28
4
0
1
1
802
0
33
0
30
767
0
4
739
35
1
21
743
766
1
0
747
0
0
29
21
0
30
2
34
0
30
0
730
0
0
32
2
0
0
27
0
29
766
0
1
26
0
28
768
37
0
1
0
36
0
24
747
0
4
0
0
2
29
37
28
0
30
1
1
30
0
35
26
741
0
28
27
0
37
0
768
27
0
31
0
0
0
22
0
0
0
0
0
1
2
0
0
0
0
27
773
0
773
735
27
0
0
0
0
0
37
26
749
0
767
1
2
763
21
0
30
737
3
0
740
2
0
0
736
0
2
0
0
0
2
1
0
762
2
0
774
27
771
3
3
27
789
36
2
0
767
0
738
2
0
0
0
0
5
769
0
0
0
0
29
0
25
32
0
0
774
2
839
0
0
1
0
1
0
1
0
24
29
750
0
0
0
0
0
1
3
1
0
0
0
0
808
0
0
0
29
764
0
0
0
0
0
0
769
0
806
773
0
769
35
0
772
23
0
4
0
0
0
769
770
0
27
0
0
0
775
0
34
0
0
0
21
31
841
0
806
0
25
743
0
795
0
804
0
0
802
17
0
3
796
773
1
0
0
0
0
34
0
34
0
749
764
778
805
29
0
0
35
0
0
32
766
805
0
0
1
31
841
32
0
31
0
0
0
1
805
32
1
23
39
797
0
0
0
0
751
746
746
1
0
0
0
0
0
0
26
0
0
0
1
2
0
0
0
0
29
1
768
1
1
0
0
0
0
0
0
0
24
0
0
24
0
37
813
0
0
0
804
0
28
32
769
25
0
0
768
759
25
741
0
1
2
0
24
0
0
741
0
0
0
775
0
0
0
0
2
844
0
0
771
0
759
756
0
844
778
0
806
0
31
26
25
743
762
1
0
819
1
0
32
759
0
0
779
785
0
0
0
0
0
770
1
0
1
0
28
26
761
760
0
820
28
1
762
3
0
808
37
0
763
0
26
0
0
2
807
0
0
1
0
0
745
0
30
807
0
809
757
2
0
0
772
27
0
751
0
28
0
35
0
786
807
0
764
0
0
0
0
0
0
3
0
0
0
38
781
32
0
36
0
34
40
0
0
0
2
2
0
782
0
782
1
24
0
0
27
0
34
773
0
0
820
0
850
25
773
766
26
32
778
23
1
32
0
783
0
0
0
19
33
3
28
774
0
0
823
29
26
0
1
30
0
1
0
0
0
0
0
0
1
0
35
4
0
2
779
3
0
0
31
1
0
0
30
37
0
0
0
0
0
31
36
30
1
775
804
0
0
754
0
0
0
0
0
29
25
788
0
2
783
0
0
0
776
749
32
0
755
2
19
0
4
24
1
777
27
0
39
33
1
0
0
0
0
1
1
0
0
2
788
38
1
0
0
31
0
34
792
0
0
0
0
28
0
0
0
0
0
762
0
21
0
0
0
0
0
0
1
0
36
30
0
0
1
3
0
772
33
784
38
2
0
15
0
0
0
0
36
0
0
35
0
763
772
0
813
27
31
0
760
863
825
2
3
0
792
0
0
770
0
0
0
770
0
0
2
773
34
0
0
0
0
0
37
0
784
0
0
36
0
1
784
0
787
20
0
29
24
34
0
0
0
22
0
2
24
760
31
814
30
0
22
29
814
817
0
817
0
36
0
794
0
32
17
1
0
0
0
0
23
0
776
0
1
0
34
0
0
0
772
0
0
1
27
0
0
805
771
1
0
0
30
2
827
22
0
766
827
0
31
0
865
3
1
0
830
1
0
0
0
0
767
20
867
833
0
38
1
0
0
0
787
778
0
0
28
32
0
37
26
805
2
31
34
1
0
3
790
0
3
800
0
0
833
0
23
0
22
0
25
0
0
777
0
2
0
0
781
22
775
1
0
0
0
0
804
0
22
793
796
25
1
2
0
25
1
758
0
0
3
1
0
0
30
0
1
26
0
835
39
44
0
0
3
33
818
0
0
1
1
830
0
4
1
803
0
28
796
0
27
869
34
0
0
0
26
0
0
790
2
0
28
828
757
1
821
831
27
0
0
804
1
805
1
0
869
0
0
792
0
0
0
0
792
1
0
0
0
778
33
0
0
0
796
872
0
0
2
0
794
0
761
32
31
0
34
0
823
0
1
2
35
0
33
43
0
1
779
793
33
0
32
26
0
0
0
1
0
1
0
31
0
0
3
823
0
22
0
26
0
1
794
25
28
0
791
0
813
873
778
0
0
2
25
0
34
873
0
0
37
0
795
0
2
0
801
1
0
0
25
30
764
32
0
0
3
0
30
0
0
0
0
793
0
3
3
793
0
0
774
0
1
32
0
22
29
834
4
31
822
0
1
0
1
0
0
0
822
786
0
1
30
823
0
17
0
801
3
1
780
0
2
0
0
779
0
0
40
0
0
0
827
41
0
21
846
0
0
0
0
30
806
1
0
0
0
2
0
0
0
30
33
0
0
36
0
34
0
0
38
3
810
0
0
0
0
2
0
0
0
38
0
0
789
0
0
806
0
826
770
28
0
0
1
3
0
806
0
0
1
41
0
0
25
1
0
791
0
0
37
0
0
770
818
818
0
779
1
0
825
812
0
34
0
41
0
3
0
783
838
825
0
39
0
0
0
0
30
31
0
853
0
4
22
0
0
0
828
3
0
0
0
0
31
37
3
0
784
27
27
0
0
1
0
0
0
796
0
782
2
0
0
0
0
0
847
833
0
0
0
826
0
0
0
1
0
803
28
776
0
0
4
0
0
18
0
2
815
811
0
800
772
0
1
28
2
3
0
0
0
0
3
772
819
30
0
0
806
2
0
776
1
31
2
33
0
809
25
3
0
1
812
0
33
0
5
0
0
0
0
806
0
805
814
815
0
0
0
814
0
4
0
33
2
0
830
0
0
0
0
0
0
22
24
1
43
2
23
808
2
0
0
1
3
0
0
1
806
786
0
0
22
1
0
0
0
28
33
0
28
0
1
810
30
0
0
34
6
0
846
1
859
885
0
0
1
40
28
0
32
2
0
0
1
780
0
0
0
0
0
809
0
820
0
25
788
43
2
788
0
0
31
0
817
1
0
29
2
32
0
0
1
789
31
0
1
0
0
1
777
31
34
0
38
853
36
822
0
809
32
0
0
0
0
790
1
32
819
0
3
793
31
25
0
2
38
0
2
0
3
17
0
29
0
0
1
0
1
1
0
0
1
39
0
0
823
0
0
0
0
0
0
31
0
821
811
841
813
26
24
32
0
1
3
28
0
810
0
0
1
0
0
3
837
0
1
837
0
0
2
821
27
2
0
29
782
844
28
0
35
0
0
28
34
2
0
2
29
34
838
0
32
783
39
795
793
813
0
30
0
2
1
0
0
30
1
0
0
0
0
1
0
824
1
0
0
25
837
0
2
0
3
0
34
0
32
0
1
0
0
0
0
40
1
0
0
0
24
29
0
2
844
825
1
36
2
24
0
816
28
0
0
3
897
0
808
27
0
32
0
2
0
37
0
0
0
0
866
0
0
35
0
864
0
1
1
0
0
0
788
0
35
40
22
30
0
846
0
867
0
0
1
1
0
2
819
1
843
0
35
0
25
788
0
1
0
28
26
0
0
0
855
868
0
37
29
2
32
827
29
1
0
1
26
27
898
0
0
2
0
27
796
1
0
2
0
3
1
0
820
0
0
851
813
0
33
0
826
819
823
36
0
823
28
0
0
0
1
31
0
0
1
789
0
0
3
28
15
791
0
0
829
0
0
1
822
0
0
0
0
0
1
0
37
826
0
0
29
830
2
0
0
0
1
33
0
870
0
0
3
816
1
0
0
41
0
3
0
0
845
3
832
0
32
0
0
0
0
1
30
0
0
2
0
45
0
0
1
902
34
0
851
0
2
0
0
0
2
0
806
1
876
0
0
30
0
902
0
807
0
0
39
791
32
0
35
0
802
1
0
1
827
0
33
38
0
25
0
25
31
0
0
38
1
0
0
3
26
801
0
0
0
832
0
39
0
0
0
1
0
801
0
0
43
4
0
29
1
1
0
1
0
0
820
1
0
1
36
0
0
0
0
28
41
795
0
32
43
27
30
0
0
27
25
0
822
0
2
812
2
0
32
33
2
0
0
0
3
0
797
31
0
832
0
0
1
36
0
0
0
802
0
0
880
0
0
0
2
1
828
0
824
30
824
0
27
1
0
824
36
3
0
841
0
0
0
30
24
32
25
824
1
841
1
0
0
0
0
825
37
32
26
0
0
33
49
0
0
831
30
39
2
2
38
0
2
825
0
0
0
0
1
806
0
0
806
808
2
862
0
39
882
1
43
0
0
833
29
0
32
0
2
0
0
0
0
34
833
4
1
32
801
5
37
0
0
38
809
2
0
30
0
907
862
838
0
883
30
0
0
27
862
33
0
31
0
0
0
0
0
0
0
883
29
0
810
876
0
0
0
0
0
27
0
31
0
843
1
36
30
2
0
1
0
37
0
32
0
888
826
0
1
2
864
1
3
1
0
0
865
0
0
0
40
0
1
804
0
29
39
2
36
23
910
1
856
0
0
0
0
0
34
40
878
3
805
825
0
828
0
1
0
0
0
0
0
0
0
0
843
0
0
1
0
38
0
808
0
0
37
39
0
0
0
0
830
0
0
1
0
0
0
835
0
0
839
0
0
844
911
0
867
0
31
0
0
0
1
0
0
38
822
892
0
30
845
806
822
30
1
1
1
1
37
0
0
3
0
33
848
0
0
0
1
831
824
0
860
2
0
0
0
0
30
0
866
0
0
866
1
0
849
29
19
833
33
1
807
913
0
0
0
2
0
0
0
0
0
880
3
870
0
31
29
0
873
23
0
851
0
40
0
35
0
1
826
0
0
33
46
888
0
29
845
0
0
33
0
0
862
826
0
37
37
0
0
0
0
0
827
1
852
841
852
0
0
0
888
4
0
33
1
835
0
32
0
0
1
819
43
3
0
28
888
0
828
0
0
0
1
0
841
36
864
0
33
1
0
1
0
0
42
0
841
0
0
0
850
0
855
859
0
27
35
0
0
0
0
35
0
0
39
0
33
2
0
29
0
0
0
1
1
0
1
0
41
821
3
821
1
0
36
917
1
852
0
0
813
27
874
2
862
824
856
0
36
0
0
836
1
0
875
0
0
0
0
843
0
2
27
0
0
29
857
1
0
0
862
0
0
41
0
0
26
35
0
34
0
1
826
32
36
35
36
42
0
0
0
0
0
0
39
0
0
2
43
32
0
0
2
833
0
34
0
0
32
2
25
0
0
45
894
0
0
0
857
1
0
838
853
0
0
33
2
0
0
843
33
0
0
0
0
0
822
0
875
0
39
0
1
0
822
0
0
31
37
0
35
857
34
34
0
1
0
829
864
31
0
23
0
0
857
2
31
0
0
860
858
2
32
823
0
39
0
0
0
0
0
0
31
1
1
36
42
0
824
38
0
31
877
42
827
891
25
827
824
0
40
0
0
37
36
34
32
824
0
0
1
0
1
0
0
0
37
860
32
0
0
0
0
2
2
3
35
0
0
0
849
860
842
866
2
0
2
842
1
40
0
849
1
849
33
0
0
0
842
1
0
33
0
879
28
0
0
0
2
1
0
35
0
0
0
843
34
0
2
0
0
1
36
860
2
0
1
0
0
893
0
0
0
0
843
849
881
0
861
868
0
32
1
0
830
0
34
0
34
0
0
0
0
33
33
0
0
833
0
0
27
828
31
0
0
36
43
858
36
0
4
847
39
832
880
0
0
31
2
832
36
28
0
0
31
0
0
0
896
35
1
0
3
0
878
23
0
33
885
907
0
843
0
29
31
40
866
845
1
0
0
22
0
0
1
29
0
0
2
1
0
0
862
0
1
0
1
881
0
0
1
33
0
887
1
3
0
0
881
0
0
44
39
851
35
25
0
0
0
30
0
0
35
862
1
855
4
0
41
847
30
2
28
885
847
909
2
0
932
0
1
0
862
0
1
0
0
1
0
30
1
0
0
0
0
1
864
33
850
2
852
862
888
37
851
0
37
1
0
0
33
0
32
0
0
4
0
1
0
0
0
1
3
0
0
0
0
0
0
0
0
31
2
40
40
843
28
0
852
32
0
912
886
852
0
0
852
0
0
1
906
36
0
31
39
877
0
1
861
0
865
29
33
890
1
858
21
2
837
0
0
0
0
886
0
2
0
1
907
0
31
0
3
908
33
833
1
0
0
42
0
44
880
865
0
844
32
0
0
838
0
0
0
0
0
30
0
866
0
4
0
867
0
0
0
856
856
0
0
30
0
0
1
2
0
0
32
35
37
0
0
0
35
857
910
1
0
0
913
1
27
859
0
33
45
857
32
866
889
46
0
0
890
0
0
0
32
1
0
3
1
0
2
850
856
0
1
0
872
0
0
0
31
4
3
0
34
914
0
0
0
44
0
0
25
24
0
867
36
28
0
0
0
0
0
0
0
2
841
40
0
25
0
0
0
0
869
33
0
33
1
861
1
0
940
1
881
0
1
871
1
0
33
0
30
3
6
859
859
0
0
30
0
0
1
38
0
32
0
1
0
0
843
873
34
37
0
0
0
38
0
0
0
0
879
0
41
2
871
0
0
0
872
0
0
0
0
0
844
0
942
38
0
874
0
2
0
910
0
0
0
38
910
0
34
852
888
28
0
27
1
0
31
35
0
1
0
30
3
32
36
873
0
0
0
2
0
0
866
0
34
852
1
36
40
0
1
0
1
0
0
863
0
845
0
0
1
1
27
0
0
869
894
2
1
39
3
48
1
864
0
0
844
0
1
2
845
0
17
22
0
35
0
860
0
28
0
0
914
914
905
0
0
0
0
0
877
30
34
875
0
0
0
0
0
0
0
1
0
1
864
0
0
2
879
0
0
0
29
32
898
0
40
34
30
915
1
1
29
2
0
37
0
898
0
2
0
897
848
0
0
871
846
0
0
0
29
1
0
4
39
0
0
37
34
916
945
0
43
0
0
899
1
1
877
880
899
31
0
4
0
1
865
0
0
35
31
857
0
0
44
0
0
0
0
0
33
0
1
0
0
2
2
0
0
40
38
857
902
1
0
0
0
1
0
0
0
2
876
0
0
0
0
0
0
867
1
850
0
869
37
0
0
0
887
0
0
0
900
887
33
0
869
0
36
42
0
2
850
888
0
0
0
0
883
22
2
2
33
0
877
902
2
0
0
0
876
0
31
927
0
1
41
2
0
30
0
890
1
0
37
867
0
43
0
34
0
901
1
0
0
0
3
1
905
0
0
0
891
0
871
883
2
0
908
0
1
0
2
871
0
0
30
34
2
0
1
36
924
869
33
0
0
0
0
0
0
1
0
31
1
3
34
27
0
0
0
40
0
36
923
887
1
0
35
882
36
1
36
895
0
0
37
3
903
887
914
0
27
0
0
0
0
33
2
2
954
0
0
3
2
2
856
37
2
21
0
886
0
0
38
0
0
0
0
866
35
0
31
36
0
0
38
1
0
0
863
928
30
0
21
2
0
0
1
1
0
883
26
43
42
0
0
0
0
0
0
1
888
1
1
908
883
0
0
36
929
886
2
0
30
0
0
857
0
0
0
0
0
0
0
0
0
0
0
0
0
0
0
0
3
33
0
909
43
0
887
2
0
0
909
935
0
3
1
4
875
0
888
30
1
1
1
1
2
901
0
0
41
0
909
40
0
0
931
876
912
0
40
882
0
876
0
0
0
873
0
0
1
0
0
34
36
0
36
0
0
0
39
0
0
1
1
26
0
0
0
0
0
36
923
889
0
0
0
905
2
0
0
0
0
1
888
4
2
890
3
38
0
1
0
0
0
0
30
32
0
0
881
881
3
867
911
0
892
0
912
0
0
34
29
892
891
940
889
1
931
918
0
33
892
0
33
0
28
0
29
0
4
0
0
1
0
28
23
931
0
1
38
1
916
0
0
40
39
0
868
859
0
0
0
859
4
2
1
910
875
859
1
2
881
0
35
37
0
891
32
0
0
905
861
924
932
2
38
0
892
0
43
0
1
906
0
35
906
35
0
0
0
29
27
3
44
916
2
0
0
25
0
0
878
29
0
2
0
0
37
2
0
0
887
34
919
0
0
885
1
0
887
0
0
0
0
868
2
2
965
885
35
887
0
31
43
0
886
48
0
25
0
0
0
44
879
0
911
0
929
0
898
0
2
934
30
0
0
1
0
0
1
0
910
0
40
886
0
1
0
0
887
0
44
947
0
32
0
0
927
1
1
0
0
0
948
864
0
36
939
0
36
0
42
0
880
4
2
968
0
920
0
0
0
0
899
0
900
0
0
0
3
0
914
0
0
968
912
0
25
890
1
4
0
872
2
2
0
940
0
0
1
42
27
0
0
45
0
0
42
0
2
0
30
36
904
44
2
2
1
0
40
919
0
2
938
0
0
36
904
0
0
35
931
0
0
2
0
901
36
0
0
29
0
0
875
36
1
40
3
0
933
0
3
1
2
0
0
0
924
933
0
0
0
40
1
0
2
3
0
36
0
32
36
4
922
0
0
889
952
0
0
43
31
889
38
41
1
1
0
0
0
0
0
0
0
900
0
891
28
0
0
0
955
31
900
3
0
33
0
0
1
892
32
0
33
901
26
43
2
0
0
2
32
39
39
892
952
0
0
0
902
0
894
1
923
0
0
0
0
0
28
3
32
1
0
0
4
909
904
38
904
921
3
0
0
910
4
903
875
0
4
43
938
895
0
1
1
0
29
0
2
1
1
0
36
958
0
918
0
0
0
23
0
903
1
0
2
875
1
0
875
37
2
0
0
1
3
0
0
34
34
0
35
1
32
1
0
1
38
0
41
2
0
0
32
0
888
3
1
43
35
0
0
0
5
928
895
39
888
924
37
42
900
900
922
936
911
46
39
2
36
28
44
0
894
937
911
948
880
5
929
919
958
0
2
3
3
0
0
930
0
0
0
38
5
40
0
0
0
902
0
0
3
0
0
937
45
36
0
0
0
905
1
878
0
0
0
30
41
0
0
43
36
0
0
3
31
0
0
2
0
0
1
2
37
0
1
1
880
0
0
0
34
0
43
0
2
33
0
0
2
43
28
0
1
2
0
0
37
35
964
0
2
0
1
37
36
43
2
37
881
34
0
940
910
29
0
0
0
0
0
0
962
917
1
21
34
909
1
922
0
0
0
2
0
22
0
32
953
0
0
913
931
0
2
0
967
925
1
0
0
941
0
908
0
0
33
1
35
907
0
35
1
0
0
0
0
0
4
910
0
925
0
925
0
0
0
1
38
896
0
2
925
0
1
0
913
25
938
0
0
0
30
0
0
35
0
1
43
0
0
0
0
0
0
0
912
0
1
3
915
32
0
36
40
0
3
985
0
0
883
0
0
0
1
0
929
2
0
0
36
898
37
43
0
0
1
36
47
912
31
40
0
0
0
32
932
0
3
1
901
0
929
0
3
0
899
45
968
914
0
899
0
30
41
0
0
901
934
1
0
0
0
0
0
947
49
30
43
0
0
0
0
0
0
0
27
958
0
0
0
1
32
31
41
0
1
39
929
35
31
990
0
3
916
0
0
0
0
0
0
915
0
0
0
0
0
3
903
0
0
1
907
913
1
0
990
938
1
0
1
0
0
37
1
36
0
0
0
1
0
2
0
0
35
36
0
0
0
44
0
1
32
0
31
32
916
0
2
0
42
25
31
1
0
0
0
0
950
0
915
1
1
917
52
0
0
1
1
33
4
1
2
0
992
0
40
41
0
0
4
2
890
1
920
943
910
3
0
2
938
0
970
918
917
3
27
27
34
0
0
0
3
0
0
0
3
2
0
1
43
922
0
952
0
3
32
0
39
2
39
25
0
3
0
0
0
0
963
1
1
0
0
0
893
0
2
0
32
922
0
938
0
0
2
38
918
0
922
35
3
920
0
923
0
1
36
953
949
0
41
31
1
974
0
0
0
950
0
0
0
0
2
974
36
0
0
2
955
0
0
1
2
0
43
949
35
0
0
46
33
31
928
989
2
0
990
1
28
0
0
37
0
0
44
36
1
967
0
0
33
3
0
0
1
0
43
939
920
926
910
952
32
967
1
1
3
0
0
893
957
3
952
0
0
920
1
0
2
3
0
39
35
25
35
1
0
897
0
37
0
35
35
0
2
0
3
34
929
0
0
36
33
0
1
0
34
0
0
1
0
0
2
37
0
952
0
0
38
991
946
0
41
0
1
951
0
19
0
45
0
2
3
0
0
35
3
2
0
0
0
0
3
31
0
0
42
959
0
2
36
0
0
1
1
940
2
0
1
52
0
36
36
0
949
0
960
40
0
941
0
1
39
0
37
0
934
0
0
32
4
944
0
0
2
0
0
0
0
915
45
2
935
0
6
37
37
896
0
0
33
35
0
38
0
0
960
0
0
937
929
0
34
0
0
0
1008
0
0
0
0
2
4
0
36
958
0
0
0
4
53
1
37
40
0
0
2
1008
0
0
0
43
907
949
935
945
3
0
0
0
0
44
974
5
32
37
0
0
908
0
37
0
0
0
53
0
939
0
951
1009
36
37
0
929
0
1
910
36
0
45
25
939
4
0
0
1
36
0
1
0
42
0
917
0
0
33
40
3
2
2
38
0
918
1
0
0
918
0
0
1
36
3
45
0
952
0
939
41
2
0
2
0
982
1012
0
0
37
41
0
0
0
0
0
42
0
0
0
932
920
0
933
962
0
0
0
0
0
963
997
951
41
941
0
963
0
31
0
0
0
0
28
964
931
39
29
1
39
1
917
1
1
0
0
0
0
917
925
0
2
0
0
0
40
915
0
1
936
36
0
1
0
0
2
0
32
0
2
4
37
917
0
31
915
0
36
42
34
1
0
1
935
986
0
980
928
2
45
1
1014
3
0
2
45
0
36
0
36
0
0
42
906
33
0
0
0
0
0
42
31
34
0
0
0
1
0
980
2
943
0
0
35
952
0
943
0
0
0
0
987
0
0
954
0
0
970
0
0
1
954
0
966
28
37
31
0
987
1
2
1
0
42
39
0
0
1002
0
921
0
938
0
988
30
0
0
2
0
940
2
3
0
34
45
0
28
32
0
36
0
42
32
38
945
0
1
31
45
0
0
0
0
985
1
0
939
33
946
971
38
0
0
1022
45
923
35
27
0
0
954
34
920
0
45
996
0
0
3
1
985
1002
0
965
0
971
965
3
32
1023
945
34
34
0
0
49
998
0
0
0
945
1
48
32
31
0
0
0
0
2
42
1
1024
38
960
0
38
0
0
35
0
0
0
36
0
0
0
958
944
44
40
941
3
0
937
932
966
0
0
42
1004
960
30
29
0
45
3
31
1
947
30
1
1
0
0
1
2
0
0
43
0
0
920
0
1
2
967
0
1
0
0
34
0
0
1
0
38
960
44
942
1
41
0
1
2
928
0
0
0
0
0
38
0
927
29
1
0
0
1
1
928
0
0
0
1007
0
39
0
0
0
0
0
54
1
969
1
977